#    1.183  12.121  74.884 ;Mean Elev.(m), Avg Gradient(m/km), RMS Gradient(m/km) - SRTM1     
#   10.080  11.401  74.761 ;Mean Elev.(m), Avg Gradient(m/km), RMS Gradient(m/km) - ASTER GDEM
#    9.086  11.597  74.541 ;Mean Elev.(m), Avg Gradient(m/km), RMS Gradient(m/km) - GMTED2010 
   3 236.761971  46.158210   -50.848   -50.785  6 54682.91607142  6.767
   7 236.759978  46.157780   -84.700   -84.723  4 54722.57865376  5.873
  16 236.760621  46.157893     2.145     2.133  5 54811.81943905 34.397
  17 236.762717  46.157943     2.216     2.184  5 54821.73508105 25.995
  18 236.759302  46.158790    69.010    74.666  5 54831.65073299  5.600
  19 236.758123  46.156884     2.314     2.294  5 54841.56637212 49.596
  20 236.756067  46.156964     1.069     1.078  4 54851.48202096 38.767
  21 236.755355  46.157551     0.394     0.351  4 54861.39766932 42.680
  22 236.756713  46.156275     0.801     0.816  4 54871.31331815 25.729
  23 236.754962  46.157234    -9.622    -9.883  4 54881.22896464 24.930
  24 236.753819  46.156268     1.564     1.624  3 54891.14460829 46.537
  25 236.751574  46.155469     1.124     1.140  4 54901.06024894 38.851
  26 236.750733  46.155466     1.070     1.126  3 54910.97588792 22.732
  27 236.752278  46.155977     0.695     0.738  4 54920.89152600 46.788
  28 236.755846  46.156238     0.555     0.560  4 54930.80716386 34.566
  29 236.759248  46.156048     1.206     1.150  3 54940.72280050 30.227
  30 236.761844  46.155188     1.916     1.986  3 54950.63843552 32.815
  31 236.758947  46.157295     2.086     2.085  5 54960.55407514 48.831
  32 236.757698  46.156927     1.203     1.202  5 54970.46972375 29.059
  33 236.757994  46.157482     1.086     1.101  4 54980.38537098 45.432
  34 236.756645  46.160190    -1.900    -8.379  3 54990.30101732 13.052
  35 236.759782  46.156202     1.945     1.928  4 55000.21666509 28.232
  36 236.758586  46.156287     1.902     1.909  4 55010.13230998 28.037
  37 236.759017  46.155244     1.298     1.298  2 55020.04795368 26.957
  38 236.757594  46.157869     0.403     0.414  4 55029.96359546 24.202
  39 236.759105  46.158296    47.880    47.661  5 55039.87923739 13.897
  40 236.762349  46.158113     0.486     0.420  5 55049.79487834 30.923
  41 236.762223  46.159573     0.410     0.334  5 55059.71051658 30.865
  43 236.755664  46.157747     1.355     1.379  4 55079.54180635 28.039
  44 236.753885  46.155677     0.278     0.219  4 55089.45745403 39.095
  45 236.753250  46.156081     0.306     0.210  4 55099.37309999 35.472
  46 236.755546  46.155655     0.557     0.374  4 55109.28874578 49.516
  48 236.754554  46.156285     1.495     1.458  4 55129.12003145 36.532
  49 236.752252  46.156479     0.914     0.913  4 55139.03567096 37.700
  51 236.758202  46.156047     1.313     1.263  4 55158.86694861 47.403
  52 236.761446  46.158271     1.118     1.102  5 55168.78258671 39.651
  54 236.761825  46.158671     1.247     1.133  6 55188.61386981 36.397
  55 236.758212  46.157796     2.513     2.552  4 55198.52952050 50.214
  56 236.756410  46.157638     1.669     1.868  4 55208.44517015 27.749
  57 236.757839  46.156921     1.324     1.345  4 55218.36081956 43.815
  58 236.758162  46.156440     0.810     0.870  4 55228.27646797 47.113
  59 236.755937  46.156900     0.393     0.400  4 55238.19211296 38.990
  60 236.753236  46.156162    77.142    76.998  4 55248.10775460  2.842
  61 236.750927  46.155254     2.453     2.417  4 55258.02339401 29.649
  63 236.753367  46.156315    48.157    48.207  4 55277.85467145 15.221
  64 236.757908  46.156384     1.187     1.192  4 55287.77030924 46.943
  65 236.760935  46.157236     0.578     0.610  5 55297.68594438 45.463
  67 236.755816  46.155892     2.333     2.394  4 55317.51723299 31.102
  68 236.754414  46.155688     1.444     1.459  4 55327.43287816 27.763
  69 236.756396  46.156084     1.658     1.541  4 55337.34852254 50.051
  70 236.758892  46.157216     1.265     1.204  5 55347.26416632 45.085
  71 236.760782  46.157110     1.573     1.570  5 55357.17980869 26.740
  72 236.759986  46.157528     1.470     1.467  4 55367.09544873 30.993
  74 236.759976  46.158923     1.633     1.610  5 55386.92672536 22.086
  75 236.761185  46.161193     0.524     0.524  2 55396.84236234 24.211
  77 236.761941  46.158633     0.248     0.190  6 55416.67365681 42.535
  78 236.757421  46.157197     0.203     0.207  4 55426.58930461 31.393
  79 236.753605  46.156323     1.711     1.672  4 55436.50494954 24.775
  80 236.752459  46.156008    48.530    48.721  4 55446.42059312 21.836
  81 236.753835  46.156369     1.551     1.659  3 55456.33623614 31.849
  82 236.756828  46.156526     0.644     0.435  4 55466.25187862 47.547
  83 236.758504  46.157232     0.514     0.542  4 55476.16751777 48.476
  84 236.759302  46.156846     0.824     0.925  5 55486.08315391 40.308
  85 236.758522  46.157177     2.040     2.030  5 55495.99878776 27.048
  86 236.759959  46.157430     2.266     2.241  5 55505.91442280 26.665
  87 236.759413  46.157839     1.883     1.905  5 55515.83007342 49.206
  88 236.761001  46.157909     1.144     1.017  5 55525.74572343 30.143
  89 236.761126  46.157696     1.416     1.588  5 55535.66137138 51.635
  90 236.759392  46.157310     1.889     1.791  5 55545.57701703 49.178
  91 236.756732  46.157671     0.749     1.212  4 55555.49266051 36.862
  92 236.756860  46.157125     1.871     1.809  4 55565.40830335 36.172
  93 236.758939  46.156951     1.347     1.352  4 55575.32394558 41.113
  94 236.760293  46.157097     1.823     1.815  5 55585.23958597 46.580
  95 236.760853  46.157100     1.211     1.214  5 55595.15522300 48.517
  98 236.761462  46.157895    57.721    62.306  5 55624.90212865  5.547
  99 236.760319  46.157339    61.676    64.340  5 55634.81778134  3.785
 100 236.759414  46.157301     1.786     1.775  5 55644.73343179 41.956
 101 236.758276  46.157054     1.581     1.559  5 55654.64907945 35.648
 102 236.756866  46.156708     0.945     0.997  4 55664.56472251 43.201
 103 236.755288  46.157131    48.429    48.728  4 55674.48036227 18.539
 104 236.756009  46.157480    49.331    49.390  4 55684.39600046 14.283
 105 236.759596  46.157946    49.715    49.527  5 55694.31163756 11.886
 108 236.762217  46.158722     1.978     1.978  5 55724.05856790 24.329
 109 236.759556  46.158571     1.416     1.429  5 55733.97421477 25.643
 110 236.758937  46.157807    50.876    51.079  5 55743.88986079  7.755
 111 236.758693  46.157751    -9.931    -9.986  4 55753.80550534 15.371
 112 236.759584  46.157065     1.556     1.582  4 55763.72114786 31.547
 113 236.759286  46.156963     1.524     1.538  4 55773.63678735 49.264
 114 236.759062  46.156287    47.154    47.108  4 55783.55242350 19.167
 115 236.759033  46.158109    47.763    47.622  5 55793.46805656 18.597
 117 236.761338  46.158894     1.725     1.626  5 55813.29934154 26.088
 118 236.760959  46.158463    60.801    65.266  6 55823.21498915  5.587
 119 236.760862  46.157629     1.128     1.110  5 55833.13063212 27.339
 120 236.760508  46.157745     0.741     0.762  5 55843.04627072 26.387
 121 236.764300  46.155222     1.017     1.035  3 55852.96190731 32.732
 123 236.762890  46.157826    47.633    47.532  5 55872.79319680 14.726
 124 236.762311  46.158349     1.877     1.925  5 55882.70884608 43.046
 125 236.762706  46.158272     1.701     1.659  5 55892.62448911 38.681
 128 236.761492  46.158769    47.691    46.528  6 55922.37141636  8.376
 129 236.760510  46.157018     1.481     1.403  5 55932.28706792 49.757
 130 236.758713  46.156259     1.728     1.746  4 55942.20271499 39.895
 131 236.756213  46.156114     2.465     2.340  4 55952.11835754 49.046
 132 236.755167  46.155966     1.181     1.236  4 55962.03399685 38.877
 133 236.756638  46.155934     0.830     0.805  4 55971.94963447 44.473
 134 236.759470  46.157685    69.181    74.788  5 55981.86527078 11.714
 136 236.762135  46.158408     2.546     2.622  5 56001.69655305 27.973
 137 236.758534  46.157012     2.116     2.166  4 56011.61220332 40.228
 138 236.756315  46.155986     2.716     2.719  4 56021.52784982 45.597
 139 236.755507  46.156565     1.863     1.844  4 56031.44349307 43.650
 140 236.758212  46.156801     1.477     1.501  4 56041.35913451 32.920
 141 236.760501  46.158214     2.328     2.320  6 56051.27477331 28.052
 142 236.760532  46.161877     2.270     2.196  3 56061.19040871 39.942
 144 236.761793  46.158024     1.464     1.526  5 56081.02169790 25.875
 145 236.760445  46.157263    48.103    48.319  5 56090.93734594 19.520
 146 236.760706  46.157236     1.460     1.470  5 56100.85299169 42.696
 147 236.760014  46.157934     1.462     1.455  5 56110.76862311 32.013
 148 236.759928  46.157338     1.472     1.718  4 56120.68426313 28.981
 150 236.759504  46.157984     1.582     1.580  5 56140.51553296 35.310
 151 236.758006  46.157363     0.624     0.612  4 56150.43118378 39.343
 153 236.761177  46.156471     0.737     0.710  4 56170.26248027 26.727
 154 236.759899  46.157068     1.383     1.321  5 56180.17812341 26.677
 155 236.758103  46.157039     1.842     1.907  5 56190.09376262 24.154
 156 236.757421  46.157311     1.743     1.694  4 56200.00939904 23.737
 157 236.761108  46.157676     0.533     0.569  5 56209.92503355 25.542
 161 236.760546  46.158929    49.245    49.681  3 56249.58761838 12.286
 162 236.759158  46.157963     1.723     1.717  4 56259.50326319 27.662
 163 236.759921  46.157789     1.691     1.730  5 56269.41890518 48.992
 164 236.760298  46.159187     1.683     1.720  5 56279.33454502 48.068
 166 236.757704  46.156539     1.726     1.648  4 56299.16584382 38.133
 168 236.752301  46.156322     1.633     1.632  4 56318.99712976 37.434
 169 236.754242  46.156169     1.480     1.492  3 56328.91277118 29.474
 170 236.757249  46.157833    47.433    47.524  4 56338.82841160 24.164
 171 236.760766  46.159204     1.313     1.383  5 56348.74405013 22.116
 172 236.762555  46.159377     1.751     1.756  4 56358.65968576 49.692
 173 236.758872  46.156387    58.378    58.985  4 56368.57533683  7.534
 175 236.754491  46.156434     2.177     2.160  4 56388.40662978 38.314
 176 236.757619  46.157792     1.256     1.275  4 56398.32227304 36.765
 177 236.761198  46.158645     0.833     0.839  5 56408.23791394 38.322
 178 236.760539  46.161975     1.074     1.074  2 56418.15354984 40.569
 180 236.760046  46.157825     2.063     2.060  4 56437.98483643 26.538
 181 236.757790  46.156820     1.422     1.423  4 56447.90048782 26.099
 182 236.757539  46.156929     0.417     0.434  4 56457.81613707 39.398
 183 236.758013  46.155894     1.263     1.186  4 56467.73178339 44.168
 184 236.755406  46.157550     0.511     0.502  4 56477.64742484 26.516
 185 236.755856  46.156017     1.522     1.500  4 56487.56306333 29.790
 186 236.757164  46.155833     2.096     2.123  4 56497.47869889 29.744
 187 236.759102  46.158391    49.147    50.070  5 56507.39433259  6.430
 189 236.761105  46.161357     0.728     0.728  2 56527.22562268 26.395
 190 236.762080  46.157861     0.500     0.506  5 56537.14127319 29.447
 192 236.756600  46.156273    -8.158    -8.195  4 56556.97256242 15.832
 193 236.756815  46.157221     1.250     1.408  4 56566.88820495 31.678
 194 236.761109  46.157426     0.762     0.807  5 56576.80384674 44.042
 197 236.761599  46.158798     1.045     1.069  5 56606.55077654 44.268
 199 236.758876  46.156701     1.738     1.757  4 56626.38206733 43.550
 200 236.760059  46.157298     1.001     1.041  5 56636.29770800 39.271
 201 236.761629  46.158056     0.536     0.586  5 56646.21334793 42.324
 202 236.758950  46.156705     0.321     0.321  4 56656.12900007 39.048
 203 236.755829  46.155897     0.844     0.829  4 56666.04464781 42.005
 204 236.753395  46.156699     2.286     2.273  4 56675.96029288 36.859
 205 236.755201  46.155940     1.798     1.856  4 56685.87593771 30.397
 206 236.757585  46.156862     1.519     1.632  4 56695.79158039 29.675
 208 236.761510  46.160544     1.158     1.184  3 56715.62285074 40.602
 209 236.758062  46.157629   162.343   162.343  2 56725.53850458 15.776
 210 236.755497  46.156098     2.172     2.148  4 56735.45415428 35.712
 212 236.758842  46.157435     1.605     1.608  5 56755.28544227 33.360
 213 236.762277  46.159562     1.792     1.854  5 56765.20107834 26.470
 215 236.759419  46.157382     0.988     0.992  4 56785.03237322 24.806
 216 236.754062  46.157353     1.161     1.165  4 56794.94802594 28.231
 217 236.752591  46.156102     1.786     1.960  3 56804.86367555 31.716
 218 236.753161  46.156771     1.488     1.563  4 56814.77931805 24.170
 221 236.759134  46.157630     1.148     1.135  5 56844.52622448 49.212
 222 236.759634  46.157248     1.454     1.495  5 56854.44186900 29.114
 223 236.758787  46.156266     1.705     1.787  4 56864.35752257 35.498
 225 236.756338  46.156187     1.331     1.368  4 56884.18882466 33.989
 226 236.754490  46.156939     0.708     0.641  4 56894.10447075 24.423
 227 236.754187  46.156050     0.543     0.394  3 56904.02011418 26.656
 228 236.754084  46.156241     1.010     1.021  3 56913.93575558 29.122
 229 236.756372  46.156724     1.358     1.259  5 56923.85139555 27.323
 230 236.760077  46.157912     1.456     1.425  4 56933.76703302 27.163
 232 236.761420  46.160867     1.253     1.300  3 56953.59831177 36.087
 233 236.759963  46.157576     0.646     0.698  4 56963.51396261 44.379
 234 236.757902  46.157260     0.085     0.074  4 56973.42960790 32.811
 235 236.762286  46.153574     1.645     1.645  2 56983.34524997 34.150
 236 236.761090  46.158146    49.223    49.475  5 56993.26088521 15.277
 237 236.762964  46.158520     2.193     2.195  5 57003.17652150 26.468
 238 236.759255  46.156302     1.849     1.934  4 57013.09217800 33.655
 239 236.755294  46.156837     1.364     1.385  4 57023.00782873 43.064
 240 236.755043  46.157164     1.048     1.067  4 57032.92347741 30.265
 241 236.757773  46.156171     2.712     2.681  4 57042.83912449 42.853
 243 236.759303  46.156936     2.468     2.352  5 57062.67040888 34.049
 244 236.759738  46.157953     2.094     2.023  5 57072.58604342 49.373
 245 236.762668  46.158751     0.742     0.711  6 57082.50167415 40.653
 246 236.761246  46.160791     1.497     1.379  4 57092.41732021 50.294
 247 236.761552  46.158316     1.776     1.526  5 57102.33297772 43.601
 248 236.760448  46.158084     1.552     1.429  5 57112.24863106 47.164
 250 236.759069  46.156468     1.370     1.382  4 57132.07992070 31.241
 251 236.758652  46.157658     0.853     0.879  5 57141.99555764 24.348
 252 236.760655  46.158923     0.106     0.037  5 57151.91119183 31.583
 254 236.761848  46.158548     1.293     1.300  6 57171.74248034 25.492
 255 236.758854  46.156580     1.638     1.611  4 57181.65813523 24.018
 256 236.754257  46.156909     1.388     1.406  4 57191.57378562 28.528
 257 236.753462  46.156205     0.570     0.482  3 57201.48943341 26.639
 258 236.754368  46.157154     0.450     0.432  4 57211.40506724 41.770
 259 236.757452  46.157602     0.652     0.667  4 57221.32071099 37.603
 260 236.759820  46.157235     1.449     1.448  5 57231.23635347 28.695
 261 236.759455  46.158115     1.801     1.834  5 57241.15199302 24.852
 262 236.759772  46.158091     1.278     1.274  5 57251.06763020 24.157
 263 236.761807  46.158716     0.979     1.109  6 57260.98326556 27.168
 267 236.759578  46.159118     1.114     1.115  5 57300.64586257 36.569
 268 236.759080  46.154877     1.454     1.431  3 57310.56151200 34.684
 269 236.754897  46.156148    52.891    49.441  4 57320.47715659 10.514
 270 236.754769  46.156517     0.561     0.441  3 57330.39279889 35.440
 271 236.757483  46.157108     0.893     1.001  4 57340.30843918 48.228
 272 236.757580  46.155887    47.969    48.143  4 57350.22408930 23.017
 273 236.754748  46.157133     1.490     1.527  4 57360.13973380 30.816
 274 236.753619  46.156220    72.521    72.424  3 57370.05537577  3.917
 276 236.758583  46.156768     1.000     0.966  4 57389.88665467 27.346
 277 236.760964  46.161097    48.683    48.716  4 57399.80229203 16.082
 279 236.761734  46.158798     2.177     2.164  6 57419.63358432 41.248
 280 236.758310  46.156943     2.455     2.513  5 57429.54923457 42.606
 281 236.757384  46.155825     1.913     1.889  4 57439.46488253 35.615
 283 236.760868  46.157625     1.797     1.759  5 57459.29617424 48.087
 284 236.761899  46.158812     1.394     1.415  5 57469.21181612 50.079
 285 236.762376  46.158458     1.445     1.410  6 57479.12745421 26.020
 286 236.761238  46.158743     1.977     1.983  6 57489.04308904 28.944
 287 236.762430  46.158955     2.290     2.287  5 57498.95872224 25.682
 289 236.760978  46.159063     1.282     1.332  5 57518.79002094 42.388
 290 236.759281  46.158829     0.696     0.681  5 57528.70567424 43.524
 291 236.757859  46.156887    51.931    56.001  5 57538.62132483 16.321
 292 236.755074  46.156124     2.294     2.219  4 57548.53697233 40.078
 293 236.753995  46.155473     2.191     2.083  4 57558.45261840 49.112
 294 236.755378  46.156120     1.432     1.453  4 57568.36826345 27.943
 295 236.758934  46.156257     1.104     1.096  4 57578.28390813 27.128
 296 236.760326  46.157783     0.366     0.350  5 57588.19955090 29.864
 297 236.762105  46.155894     1.235     1.257  4 57598.11519182 27.706
