#    0.016  -6.849  70.909 ;Mean Elev.(m), Avg Gradient(m/km), RMS Gradient(m/km) - SRTM1     
#   10.008  -7.705  70.450 ;Mean Elev.(m), Avg Gradient(m/km), RMS Gradient(m/km) - ASTER GDEM
#    1.861  -4.879  74.131 ;Mean Elev.(m), Avg Gradient(m/km), RMS Gradient(m/km) - GMTED2010 
   1   150.746 54668.68973671  2.67 236.621969  46.145760 11.616  270.01  271.51  270.73
   1   149.902 54668.68973730  4.90 236.624045  46.147968 15.908  270.01  271.51  270.73
   1   151.398 54668.68973789  2.58 236.626122  46.150176 11.087  270.01  271.51  270.73
   3   -48.380 54688.52102283  6.46 236.616485  46.143538  2.105  266.85  268.42  268.18
   3   -46.083 54688.52102342  7.83 236.618561  46.145747  2.506  266.85  268.42  268.18
   3   -43.883 54688.52102401  8.63 236.620637  46.147955  2.908  266.85  268.42  268.18
   3   -41.766 54688.52102460  8.63 236.622714  46.150163  2.285  266.85  268.42  268.18
   3   -39.583 54688.52102519  9.26 236.624790  46.152371  2.376  266.85  268.42  268.18
   5   -33.133 54708.35230746  8.89 236.623805  46.146034  3.514  261.90  262.12  263.62
   5   -31.495 54708.35230805  8.95 236.625881  46.148242  2.676  261.90  262.12  263.62
   7   -14.182 54728.18360810 18.07 236.623547  46.146598  4.187  266.50  266.99  268.02
   7   -13.378 54728.18360869 18.66 236.625623  46.148805  4.339  266.50  266.99  268.02
  16     1.281 54817.42438981 26.21 236.623791  46.145341 14.908  253.27  253.47  254.97
  16     1.025 54817.42439040 26.80 236.625868  46.147550 15.873  253.27  253.47  254.97
  16     1.157 54817.42439099 26.50 236.627945  46.149758 13.977  253.27  253.47  254.97
  17     1.430 54827.34003937 25.57 236.622652  46.146344 17.096 -100.00 -100.00 -100.00
  17     0.596 54827.34003996 27.73 236.624729  46.148552 22.770 -100.00 -100.00 -100.00
  17     0.986 54827.34004055 26.48 236.626806  46.150760 17.702 -100.00 -100.00 -100.00
  18     2.365 54837.25567754 34.21 236.617894  46.144499 13.749 -100.00 -100.00 -100.00
  18     1.814 54837.25567813 35.43 236.619971  46.146707 18.627 -100.00 -100.00 -100.00
  18     1.809 54837.25567872 35.49 236.622047  46.148915 15.207 -100.00 -100.00 -100.00
  18     1.549 54837.25567931 38.52 236.624124  46.151123 25.059 -100.00 -100.00 -100.00
  19     4.594 54847.17132672 29.38 236.614387  46.145234 20.376  257.45  258.42  261.00
  19     4.599 54847.17132731 25.20 236.616464  46.147442  9.774  257.45  258.42  261.00
  19     2.083 54847.17132790 25.96 236.618541  46.149650 12.598  257.45  258.42  261.00
  19     1.312 54847.17132850 29.34 236.620617  46.151858 21.717  257.45  258.42  261.00
  19     1.280 54847.17132909 30.12 236.622695  46.154066 20.710  257.45  258.42  261.00
  20     1.724 54857.08697586 42.78 236.612777  46.147071 21.990 -100.00 -100.00 -100.00
  20     1.297 54857.08697645 39.71 236.614853  46.149279 23.057 -100.00 -100.00 -100.00
  20     1.206 54857.08697704 39.55 236.616930  46.151487 23.233 -100.00 -100.00 -100.00
  20     1.209 54857.08697763 43.06 236.619007  46.153695 29.865  255.40  255.92  258.21
  21     0.772 54867.00262498 40.64 236.611523  46.147983 21.076 -100.00 -100.00 -100.00
  21     0.803 54867.00262557 40.57 236.613600  46.150192 25.490 -100.00 -100.00 -100.00
  21     0.659 54867.00262616 45.07 236.615677  46.152400   -100 -100.00 -100.00 -100.00
  21     0.975 54867.00262675 45.39 236.617754  46.154608   -100 -100.00 -100.00 -100.00
  22     1.928 54876.91827372 27.48 236.612532  46.148750 12.864  258.60  259.09  261.26
  22     1.989 54876.91827431 25.25 236.614609  46.150959  9.332  258.60  259.09  261.26
  22     1.050 54876.91827490 28.40 236.616686  46.153167 14.293  258.60  259.09  261.26
  22     0.795 54876.91827549 32.04 236.618763  46.155375 22.739  258.60  259.09  261.26
  23     2.454 54886.83391884 33.89 236.613042  46.146513   -100 -100.00 -100.00 -100.00
  23     2.297 54886.83391943 30.74 236.615119  46.148722 25.942 -100.00 -100.00 -100.00
  23     1.839 54886.83392002 28.50 236.617196  46.150930 20.359 -100.00 -100.00 -100.00
  23     1.517 54886.83392061 28.85 236.619273  46.153138 16.745 -100.00 -100.00 -100.00
  24     2.827 54896.74956087 29.69 236.614616  46.145855 17.254 -100.00 -100.00 -100.00
  24     2.516 54896.74956146 28.05 236.616693  46.148063 15.929 -100.00 -100.00 -100.00
  24     1.965 54896.74956205 28.07 236.618770  46.150272 12.905 -100.00 -100.00 -100.00
  24     1.582 54896.74956264 29.70 236.620847  46.152480 18.340 -100.00 -100.00 -100.00
  25     2.357 54906.66520031 27.97 236.615955  46.146598 15.550  254.52  254.74  256.90
  25     2.076 54906.66520090 27.97 236.618032  46.148807 12.883  254.52  254.74  256.90
  25     1.235 54906.66520149 30.87 236.620110  46.151015 20.293  254.52  254.74  256.90
  25     1.153 54906.66520209 35.00 236.622187  46.153223   -100  254.52  254.74  256.90
  26     1.868 54916.58083782 29.40 236.615039  46.145347 14.755  254.50  255.06  256.64
  26     1.693 54916.58083841 28.43 236.617116  46.147556 12.678  254.50  255.06  256.64
  26     1.311 54916.58083900 28.49 236.619193  46.149764 12.354  254.50  255.06  256.64
  26     0.940 54916.58083959 31.52 236.621270  46.151972 19.637  254.50  255.06  256.64
  27     1.888 54926.49647542 38.88 236.615803  46.145180 17.320  258.52  258.67  261.15
  27     1.471 54926.49647601 44.02 236.617879  46.147388 28.648  258.52  258.67  261.15
  27     1.252 54926.49647660 48.70 236.619956  46.149596   -100  258.52  258.67  261.15
  27     1.170 54926.49647719 50.00 236.622034  46.151805   -100  258.52  258.67  261.15
  28     1.650 54936.41211217 31.02 236.617259  46.143702 28.860 -100.00 -100.00 -100.00
  28     1.838 54936.41211276 26.90 236.619335  46.145910 14.711 -100.00 -100.00 -100.00
  28     1.611 54936.41211335 26.10 236.621412  46.148118 14.711 -100.00 -100.00 -100.00
  28     1.781 54936.41211394 28.82 236.623489  46.150326 18.682 -100.00 -100.00 -100.00
  29     2.442 54946.32774804 25.59 236.623396  46.145294 14.588 -100.00 -100.00 -100.00
  29     1.463 54946.32774863 26.85 236.625472  46.147503 15.979 -100.00 -100.00 -100.00
  29     1.380 54946.32774922 28.00 236.627549  46.149711 19.533 -100.00 -100.00 -100.00
  32     1.745 54976.07467677 28.97 236.624061  46.144551 24.825 -100.00 -100.00 -100.00
  32     1.697 54976.07467736 25.83 236.626137  46.146759 15.784 -100.00 -100.00 -100.00
  32     0.996 54976.07467795 28.28 236.628214  46.148967 24.736 -100.00 -100.00 -100.00
  33     1.528 54985.99032487 27.20 236.622740  46.146612 13.182 -100.00 -100.00 -100.00
  33     1.111 54985.99032546 27.10 236.624817  46.148819 12.739  278.04  279.31  280.07
  34   -21.143 54995.90597219  9.49 236.619464  46.144907  5.643  275.75  277.16  276.96
  34   -19.431 54995.90597278  8.18 236.621541  46.147115  3.558  275.75  277.16  276.96
  34   -17.779 54995.90597337  9.50 236.623617  46.149323  4.889  275.75  277.16  276.96
  34   -16.159 54995.90597396  8.58 236.625694  46.151531  3.370  275.75  277.16  276.96
  35     1.131 55005.82161821 39.66 236.617600  46.144037 27.374 -100.00 -100.00 -100.00
  35     1.120 55005.82161880 30.91 236.619676  46.146245  9.777  275.75  275.79  275.91
  35     0.697 55005.82161939 33.09 236.621753  46.148453 13.410  275.75  275.79  275.91
  35     0.964 55005.82161998 33.20 236.623830  46.150661 12.277  275.75  275.79  275.91
  36     1.185 55015.73726214 32.84 236.616270  46.144052   -100 -100.00 -100.00 -100.00
  36     1.321 55015.73726273 27.14 236.618346  46.146260 20.665 -100.00 -100.00 -100.00
  36     1.062 55015.73726333 24.55 236.620423  46.148468 14.396 -100.00 -100.00 -100.00
  36     0.523 55015.73726392 27.04 236.622500  46.150676 24.247 -100.00 -100.00 -100.00
  37     1.777 55025.65290478 25.87 236.615430  46.145016 15.825  266.43  267.22  267.60
  37     1.403 55025.65290537 28.45 236.617506  46.147224 24.580  266.43  267.22  267.60
  37     1.004 55025.65290596 25.93 236.619583  46.149432 14.801  266.43  267.22  267.60
  37     0.741 55025.65290655 26.90 236.621659  46.151640 16.076  266.43  267.22  267.60
  38     2.010 55035.56854698 25.07 236.615161  46.146654 17.503  266.27  267.55  268.02
  38     1.767 55035.56854757 24.35 236.617238  46.148862 13.794  266.27  267.55  268.02
  38     1.549 55035.56854816 25.24 236.619314  46.151070 17.691  266.27  267.55  268.02
  38     1.025 55035.56854875 25.98 236.621391  46.153278 18.545  266.27  267.55  268.02
  39     1.577 55045.48418807 25.51 236.616039  46.146322 16.699  268.49  269.97  270.07
  39     0.971 55045.48418866 24.95 236.618115  46.148530 16.580  268.49  269.97  270.07
  39     0.723 55045.48418925 26.16 236.620192  46.150738 20.362  268.49  269.97  270.07
  39     0.383 55045.48418984 28.07 236.622268  46.152946 28.278  268.49  269.97  270.07
  40     1.033 55055.39982706 34.94 236.618394  46.143649 27.077 -100.00 -100.00 -100.00
  40     0.809 55055.39982765 28.28 236.620470  46.145857 15.415 -100.00 -100.00 -100.00
  40     0.589 55055.39982824 32.03 236.622547  46.148065 25.758 -100.00 -100.00 -100.00
  40     0.592 55055.39982884 39.16 236.624623  46.150273 31.086 -100.00 -100.00 -100.00
  41     0.898 55065.31546488 26.73 236.625151  46.144681 21.834  267.81  268.63  269.53
  41     0.707 55065.31546547 24.20 236.627227  46.146889 15.298  267.81  268.63  269.53
  41     0.497 55065.31546606 27.06 236.629303  46.149097 23.829  267.81  268.63  269.53
  42     1.904 55075.23111269 22.75 236.624301  46.144456 13.990  266.45  268.95  268.10
  42     1.532 55075.23111328 24.33 236.626377  46.146663 18.940  266.45  268.95  268.10
  42     0.976 55075.23111387 25.39 236.628454  46.148871 22.348  266.45  268.95  268.10
  43     2.171 55085.14676028 32.59 236.620632  46.144596 10.640 -100.00 -100.00 -100.00
  43     1.661 55085.14676087 33.62 236.622708  46.146803 12.151 -100.00 -100.00 -100.00
  43     1.536 55085.14676146 32.23 236.624785  46.149011  8.641 -100.00 -100.00 -100.00
  44     2.280 55095.06240658 25.49 236.617336  46.145363 12.045 -100.00 -100.00 -100.00
  44     1.817 55095.06240717 24.89 236.619413  46.147571 11.071 -100.00 -100.00 -100.00
  44     1.648 55095.06240776 25.27 236.621489  46.149779 10.443 -100.00 -100.00 -100.00
  44     0.837 55095.06240836 27.12 236.623566  46.151986 12.984 -100.00 -100.00 -100.00
  45     1.267 55104.97805268 26.73 236.615309  46.144830 21.266 -100.00 -100.00 -100.00
  45     1.136 55104.97805327 26.60 236.617385  46.147038 19.794 -100.00 -100.00 -100.00
  45     0.844 55104.97805386 25.40 236.619462  46.149246 18.906 -100.00 -100.00 -100.00
  45     0.603 55104.97805445 25.46 236.621539  46.151454 16.102 -100.00 -100.00 -100.00
  46     0.948 55114.89369879 30.00 236.615585  46.144419   -100  268.48  269.02  270.12
  46     0.965 55114.89369938 24.57 236.617661  46.146627 18.133  268.48  269.02  270.12
  46     0.477 55114.89369997 24.54 236.619738  46.148835 19.329  268.48  269.02  270.12
  46     0.540 55114.89370056 23.85 236.621815  46.151043 17.427  268.48  269.02  270.12
  47     1.412 55124.80934232 31.10 236.616375  46.142861   -100  267.15  267.81  267.82
  47     1.411 55124.80934291 26.88 236.618452  46.145069 20.626  267.15  267.81  267.82
  47     1.154 55124.80934350 26.10 236.620529  46.147277 19.133  267.15  267.81  267.82
  47     0.759 55124.80934409 25.40 236.622606  46.149485 19.006  267.15  267.81  267.82
  47     0.454 55124.80934468 27.87 236.624683  46.151693 24.441  267.15  267.81  267.82
  48     1.886 55134.72498398 31.39 236.620120  46.144845 10.266 -100.00 -100.00 -100.00
  48     1.667 55134.72498457 34.59 236.622197  46.147053 15.590 -100.00 -100.00 -100.00
  48     1.833 55134.72498516 34.81 236.624274  46.149261 19.525 -100.00 -100.00 -100.00
  49     2.208 55144.64062270 32.32 236.620773  46.144780   -100 -100.00 -100.00 -100.00
  49     2.377 55144.64062329 24.89 236.622850  46.146988 11.381 -100.00 -100.00 -100.00
  49     1.610 55144.64062388 27.39 236.624927  46.149196 17.519 -100.00 -100.00 -100.00
  50     2.378 55154.55626035 30.47 236.619805  46.144387 20.050 -100.00 -100.00 -100.00
  50     3.304 55154.55626094 28.16 236.621882  46.146595 12.313 -100.00 -100.00 -100.00
  50     1.645 55154.55626153 31.59 236.623959  46.148803 22.227 -100.00 -100.00 -100.00
  50     1.736 55154.55626212 36.08 236.626036  46.151011 30.176 -100.00 -100.00 -100.00
  51     0.818 55164.47189965 43.02 236.624329  46.149023   -100  259.84  260.71  261.89
  51     0.935 55164.47190024 45.27 236.626406  46.151231   -100  259.84  260.71  261.89
  52     0.418 55174.38753637 34.36 236.621560  46.144479 31.195  249.20  248.42  250.60
  52     0.725 55174.38753696 32.61 236.623636  46.146687 29.741  249.20  248.42  250.60
  52     0.946 55174.38753755 25.86 236.625713  46.148895 12.511  249.20  248.42  250.60
  53   152.365 55184.30317610  2.43 236.625440  46.146070  5.296  261.89  264.60  266.77
  53   158.814 55184.30317669  0.08 236.627516  46.148278  4.510  261.89  264.60  266.77
  55     1.563 55204.13447605 30.85 236.615807  46.145076 32.368 -100.00 -100.00 -100.00
  55     1.794 55204.13447664 27.70 236.617884  46.147284 19.663 -100.00 -100.00 -100.00
  55     1.775 55204.13447723 26.85 236.619960  46.149492 13.649 -100.00 -100.00 -100.00
  55     1.157 55204.13447783 30.12 236.622037  46.151700 24.519 -100.00 -100.00 -100.00
  56     4.264 55214.05012555 29.23 236.613280  46.146929 14.126 -100.00 -100.00 -100.00
  56     3.561 55214.05012614 28.32 236.615356  46.149137 10.899 -100.00 -100.00 -100.00
  56     1.992 55214.05012674 30.31 236.617433  46.151346 15.220 -100.00 -100.00 -100.00
  56     1.470 55214.05012733 33.42 236.619510  46.153554 22.896 -100.00 -100.00 -100.00
  57     2.369 55223.96577482 29.51 236.613448  46.148453 17.635  261.37  262.41  264.49
  57     2.029 55223.96577541 29.07 236.615524  46.150661 14.854  261.37  262.41  264.49
  57     1.315 55223.96577600 31.62 236.617601  46.152869 20.856  261.37  262.41  264.49
  57     1.519 55223.96577659 33.21 236.619678  46.155077 21.010  261.37  262.41  264.49
  58     2.162 55233.88142197 27.71 236.614166  46.147043  7.031 -100.00 -100.00 -100.00
  58     1.279 55233.88142256 30.05 236.616243  46.149251  9.985 -100.00 -100.00 -100.00
  58     1.036 55233.88142315 30.18 236.618320  46.151459  9.085 -100.00 -100.00 -100.00
  58     1.560 55233.88142374 32.15 236.620397  46.153668 11.075 -100.00 -100.00 -100.00
  59     1.797 55243.79706573 37.12 236.615976  46.144489 16.332 -100.00 -100.00 -100.00
  59     1.379 55243.79706632 39.94 236.618053  46.146698   -100 -100.00 -100.00 -100.00
  59     1.034 55243.79706691 32.16 236.620130  46.148906 20.355 -100.00 -100.00 -100.00
  59     0.767 55243.79706750 38.55 236.622207  46.151114   -100 -100.00 -100.00 -100.00
  61     1.741 55263.62834612 27.54 236.619060  46.147734 21.730  254.58  254.11  256.76
  61     1.581 55263.62834671 25.87 236.621137  46.149942 15.067  254.58  254.11  256.76
  61     0.957 55263.62834730 30.51 236.623214  46.152150 28.176  254.58  254.11  256.76
  62     1.987 55273.54398315 44.62 236.615931  46.146373 29.112  255.33  254.65  258.32
  62     1.646 55273.54398374 45.59 236.618008  46.148581   -100  255.33  254.65  258.32
  62     1.725 55273.54398433 44.01 236.620086  46.150789 31.786  255.33  254.65  258.32
  62     1.700 55273.54398492 43.74 236.622163  46.152998   -100  255.33  254.65  258.32
  63     2.871 55283.45961978 38.28 236.615431  46.144100 18.678 -100.00 -100.00 -100.00
  63     2.418 55283.45962037 35.00 236.617508  46.146308 20.736  260.02  260.60  262.71
  63     1.892 55283.45962096 37.68 236.619585  46.148516   -100  260.02  260.60  262.71
  63     2.355 55283.45962155 42.99 236.621662  46.150724 30.569  260.02  260.60  262.71
  63     2.453 55283.45962214 43.09 236.623739  46.152932   -100  260.02  260.60  262.71
  64     1.841 55293.37525659 37.28 236.622933  46.146334 23.095 -100.00 -100.00 -100.00
  64     1.507 55293.37525718 35.31 236.625010  46.148542 17.823 -100.00 -100.00 -100.00
  64     1.599 55293.37525777 36.50 236.627087  46.150750 22.122 -100.00 -100.00 -100.00
  65     1.051 55303.29089283 48.38 236.626498  46.144223 30.805 -100.00 -100.00 -100.00
  65     1.515 55303.29089342 47.47 236.628574  46.146431 25.531 -100.00 -100.00 -100.00
  65     1.110 55303.29089401 51.69 236.630651  46.148639   -100 -100.00 -100.00 -100.00
  66     1.754 55313.20654052 32.24 236.627174  46.145647 15.059 -100.00 -100.00 -100.00
  66     1.311 55313.20654111 31.92 236.629250  46.147855 13.274 -100.00 -100.00 -100.00
  66     0.985 55313.20654170 32.21 236.631327  46.150063 14.631 -100.00 -100.00 -100.00
  67     1.930 55323.12218529 27.23 236.623041  46.144433 19.456 -100.00 -100.00 -100.00
  67     1.190 55323.12218588 27.83 236.625118  46.146641 19.227 -100.00 -100.00 -100.00
  67     1.143 55323.12218647 28.90 236.627195  46.148849 22.909 -100.00 -100.00 -100.00
  68     1.699 55333.03782994 25.58 236.622013  46.147166 14.585  272.11  273.57  273.95
  68     1.405 55333.03783053 25.80 236.624090  46.149373 14.965  272.11  273.57  273.95
  69     2.583 55342.95347343 29.90 236.617899  46.145253 21.826 -100.00 -100.00 -100.00
  69     2.556 55342.95347402 27.94 236.619976  46.147461 20.842 -100.00 -100.00 -100.00
  69     1.928 55342.95347461 26.17 236.622052  46.149669 13.229 -100.00 -100.00 -100.00
  69     0.745 55342.95347520 30.67 236.624129  46.151877 27.658 -100.00 -100.00 -100.00
  70     2.034 55352.86911730 26.33 236.618088  46.145059  8.222 -100.00 -100.00 -100.00
  70     1.624 55352.86911789 27.07 236.620165  46.147267 10.254 -100.00 -100.00 -100.00
  70     1.604 55352.86911848 27.44 236.622242  46.149475  9.817 -100.00 -100.00 -100.00
  70     1.222 55352.86911907 29.57 236.624319  46.151683 12.209 -100.00 -100.00 -100.00
  71     2.480 55362.78475877 24.96 236.618285  46.143814 12.469  265.37  265.71  265.63
  71     1.537 55362.78475936 26.67 236.620361  46.146022 18.690  265.37  265.71  265.63
  71     1.073 55362.78475995 25.93 236.622438  46.148230 15.730  265.37  265.71  265.63
  71     0.819 55362.78476054 26.99 236.624515  46.150438 16.258  265.37  265.71  265.63
  72     0.623 55372.70039899 30.59 236.620495  46.145749 32.499  267.15  267.82  268.16
  72     0.736 55372.70039958 26.55 236.622571  46.147957 17.284  267.15  267.82  268.16
  72     0.660 55372.70040017 26.21 236.624648  46.150165 15.637  267.15  267.82  268.16
  73     1.489 55382.61603681 26.13 236.618840  46.144546 16.818  265.94  267.26  266.84
  73     0.811 55382.61603740 30.32 236.620917  46.146754   -100  265.94  267.26  266.84
  73     0.903 55382.61603799 27.29 236.622993  46.148962 22.134  265.94  267.26  266.84
  73     0.341 55382.61603858 28.62 236.625070  46.151170 26.526  265.94  267.26  266.84
  74     2.752 55392.53167435 29.31 236.619490  46.145357 25.209 -100.00 -100.00 -100.00
  74     2.460 55392.53167494 23.70 236.621567  46.147565 14.617 -100.00 -100.00 -100.00
  74     2.236 55392.53167553 23.91 236.623643  46.149773 12.951 -100.00 -100.00 -100.00
  75     1.903 55402.44731055 26.42 236.623034  46.145915 21.575  267.35  268.77  268.62
  75     1.743 55402.44731114 27.47 236.625111  46.148123 24.700  267.35  268.77  268.62
  75     1.197 55402.44731173 27.27 236.627187  46.150331 24.440  267.35  268.77  268.62
  76     0.887 55412.36296184 26.40 236.624580  46.146504 18.957 -100.00 -100.00 -100.00
  76     0.474 55412.36296243 28.10 236.626657  46.148712 25.050 -100.00 -100.00 -100.00
  77     0.767 55422.27861113 42.16 236.625993  46.146451 29.095 -100.00 -100.00 -100.00
  77     0.693 55422.27861172 43.01 236.628069  46.148659   -100 -100.00 -100.00 -100.00
  78     0.388 55432.19425735 38.17 236.624718  46.145278 25.064 -100.00 -100.00 -100.00
  78     0.179 55432.19425794 39.56 236.626795  46.147485 30.292 -100.00 -100.00 -100.00
  78     0.151 55432.19425853 40.92 236.628871  46.149693   -100 -100.00 -100.00 -100.00
  79     2.294 55442.10990147 31.49 236.619913  46.144281 12.114 -100.00 -100.00 -100.00
  79     2.189 55442.10990206 31.91 236.621989  46.146488 13.898 -100.00 -100.00 -100.00
  79     2.070 55442.10990265 31.50 236.624066  46.148696 10.801 -100.00 -100.00 -100.00
  79     2.090 55442.10990324 36.41 236.626143  46.150904 25.281 -100.00 -100.00 -100.00
  80     2.908 55452.02554484 27.16 236.617397  46.145583 17.719 -100.00 -100.00 -100.00
  80     2.478 55452.02554543 27.05 236.619473  46.147791 17.890 -100.00 -100.00 -100.00
  80     2.146 55452.02554602 25.09 236.621550  46.149999 12.585 -100.00 -100.00 -100.00
  80     1.872 55452.02554661 25.82 236.623627  46.152206 14.584 -100.00 -100.00 -100.00
  81     2.663 55461.94118724 28.20 236.615933  46.144835 26.770 -100.00 -100.00 -100.00
  81     2.437 55461.94118783 27.00 236.618009  46.147043 19.758 -100.00 -100.00 -100.00
  81     2.163 55461.94118842 23.94 236.620086  46.149251 13.159 -100.00 -100.00 -100.00
  81     1.629 55461.94118901 25.11 236.622162  46.151458 15.466 -100.00 -100.00 -100.00
  82     1.520 55471.85682838 28.02 236.618495  46.143813 21.211 -100.00 -100.00 -100.00
  82     1.413 55471.85682897 24.94 236.620571  46.146021 16.721 -100.00 -100.00 -100.00
  82     0.762 55471.85682956 25.17 236.622648  46.148229 18.620 -100.00 -100.00 -100.00
  82     0.528 55471.85683015 26.77 236.624725  46.150437 19.728 -100.00 -100.00 -100.00
  83     0.908 55481.77246762 25.73 236.625464  46.146183 12.614 -100.00 -100.00 -100.00
  83     0.714 55481.77246821 27.62 236.627540  46.148391 17.890 -100.00 -100.00 -100.00
  86     2.000 55511.51938080 25.84 236.623574  46.144503 12.507 -100.00 -100.00 -100.00
  86     1.544 55511.51938139 25.39 236.625650  46.146711 13.460 -100.00 -100.00 -100.00
  86     1.144 55511.51938198 28.94 236.627727  46.148919 20.041 -100.00 -100.00 -100.00
  88     1.855 55531.35067757 43.16 236.616147  46.143167 26.864 -100.00 -100.00 -100.00
  88     1.923 55531.35067816 43.22 236.618223  46.145376 29.204 -100.00 -100.00 -100.00
  88     1.784 55531.35067875 39.54 236.620299  46.147584 20.607 -100.00 -100.00 -100.00
  88     1.632 55531.35067934 41.02 236.622376  46.149792 25.082  258.84  259.74  261.61
  88     1.704 55531.35067993 45.17 236.624453  46.152000 32.347  258.84  259.74  261.61
  90     3.581 55551.18196924 27.78 236.616947  46.144492 13.532 -100.00 -100.00 -100.00
  90     4.005 55551.18196983 26.92 236.619024  46.146700 13.014 -100.00 -100.00 -100.00
  90     1.395 55551.18197042 28.44 236.621100  46.148908 16.650 -100.00 -100.00 -100.00
  90     2.169 55551.18197101 30.63 236.623177  46.151116 18.837 -100.00 -100.00 -100.00
  91     1.094 55561.09761258 31.64 236.615545  46.145402 11.260  253.40  253.10  255.54
  91     0.698 55561.09761317 32.66 236.617622  46.147610 13.998  253.40  253.10  255.54
  91     0.527 55561.09761376 34.69 236.619698  46.149818 17.712  253.40  253.10  255.54
  91     0.767 55561.09761435 34.81 236.621775  46.152026 17.493  253.40  253.10  255.54
  93     3.080 55580.92889686 39.38 236.615503  46.145767 19.055 -100.00 -100.00 -100.00
  93     3.035 55580.92889745 40.39 236.617580  46.147975 20.302 -100.00 -100.00 -100.00
  93     3.163 55580.92889804 41.32 236.619657  46.150183 19.061  254.16  254.25  257.98
  93     3.212 55580.92889863 47.34 236.621734  46.152392 30.823  254.16  254.25  257.98
  94     2.919 55590.84453580 30.72 236.619958  46.145567  7.940 -100.00 -100.00 -100.00
  94     2.230 55590.84453639 33.57 236.622035  46.147775 11.816 -100.00 -100.00 -100.00
  94     2.087 55590.84453698 31.66 236.624112  46.149983  8.599 -100.00 -100.00 -100.00
  95     1.162 55600.76017179 42.19 236.626623  46.145903 30.115 -100.00 -100.00 -100.00
  95     1.284 55600.76017238 43.36 236.628700  46.148111 30.727 -100.00 -100.00 -100.00
 100     2.723 55650.33838623 48.36 236.622293  46.145151   -100 -100.00 -100.00 -100.00
 100     2.847 55650.33838682 45.46 236.624369  46.147359 28.032 -100.00 -100.00 -100.00
 100     2.733 55650.33838741 48.32 236.626446  46.149567   -100 -100.00 -100.00 -100.00
 101     1.740 55660.25403115 27.71 236.625224  46.145697 15.025 -100.00 -100.00 -100.00
 101     1.361 55660.25403174 29.63 236.627301  46.147905 21.160 -100.00 -100.00 -100.00
 101     1.310 55660.25403233 29.91 236.629378  46.150113 18.702 -100.00 -100.00 -100.00
 102     1.920 55670.16967224 28.32 236.625129  46.145188 16.133 -100.00 -100.00 -100.00
 102     1.834 55670.16967283 28.38 236.627206  46.147396 15.419 -100.00 -100.00 -100.00
 102     1.133 55670.16967342 30.22 236.629283  46.149604 19.263 -100.00 -100.00 -100.00
 103     1.336 55680.08531154 29.22 236.623389  46.145151 17.049 -100.00 -100.00 -100.00
 103     1.425 55680.08531213 30.41 236.625466  46.147359 20.022 -100.00 -100.00 -100.00
 103     1.500 55680.08531272 31.42 236.627543  46.149567 19.738 -100.00 -100.00 -100.00
 105     2.583 55699.91658568 25.53 236.623778  46.146444 14.633 -100.00 -100.00 -100.00
 105     1.896 55699.91658627 26.77 236.625855  46.148652 15.059 -100.00 -100.00 -100.00
 106     2.335 55709.83222455 25.74 236.624171  46.145144 12.757  265.91  266.51  267.39
 106     1.922 55709.83222515 26.59 236.626247  46.147352 15.126  265.91  266.51  267.39
 106     0.815 55709.83222574 31.92 236.628324  46.149561   -100  265.91  266.51  267.39
 107     2.321 55719.74787510 25.51 236.623503  46.146311 13.457 -100.00 -100.00 -100.00
 107     1.275 55719.74787569 26.51 236.625580  46.148519 15.963 -100.00 -100.00 -100.00
 108     2.379 55729.66352266 37.39 236.620290  46.145412 20.469 -100.00 -100.00 -100.00
 108     2.151 55729.66352325 35.02 236.622367  46.147620 16.206 -100.00 -100.00 -100.00
 108     2.179 55729.66352384 35.21 236.624444  46.149828 15.078  263.87  264.60  265.27
 109     1.867 55739.57916883 29.75 236.617760  46.144809 12.454 -100.00 -100.00 -100.00
 109     1.478 55739.57916942 30.05 236.619837  46.147017 13.434 -100.00 -100.00 -100.00
 109     1.288 55739.57917001 30.08 236.621913  46.149225 12.415 -100.00 -100.00 -100.00
 109     0.830 55739.57917060 32.59 236.623990  46.151433 18.383 -100.00 -100.00 -100.00
 110     1.563 55749.49481385 26.52 236.616241  46.144536 20.529  265.94  268.06  268.41
 110     1.871 55749.49481444 26.22 236.618318  46.146745 20.060  265.94  268.06  268.41
 110     1.372 55749.49481503 25.34 236.620394  46.148953 18.045  265.94  268.06  268.41
 110     1.176 55749.49481562 24.33 236.622471  46.151161 11.670  265.94  268.06  268.41
 111     2.876 55759.41045665 39.45 236.616915  46.144145 19.226 -100.00 -100.00 -100.00
 111     3.188 55759.41045724 44.61 236.618992  46.146353 24.737 -100.00 -100.00 -100.00
 111     2.863 55759.41045783 51.62 236.621068  46.148561   -100 -100.00 -100.00 -100.00
 111     2.940 55759.41045842 53.16 236.623145  46.150769   -100 -100.00 -100.00 -100.00
 112     2.341 55769.32609738 25.65 236.621592  46.145799 15.732 -100.00 -100.00 -100.00
 112     2.095 55769.32609797 24.79 236.623668  46.148007 12.430 -100.00 -100.00 -100.00
 112     1.512 55769.32609856 25.51 236.625744  46.150214 13.007 -100.00 -100.00 -100.00
 113     1.905 55779.24173448 25.86 236.625413  46.145447 15.327  268.93  270.87  270.57
 113     1.200 55779.24173507 26.71 236.627490  46.147654 20.922  268.93  270.87  270.57
 113     1.076 55779.24173566 28.15 236.629567  46.149862 25.469  268.93  270.87  270.57
 116     1.076 55808.98864870 26.19 236.626796  46.145207 19.295 -100.00 -100.00 -100.00
 116     1.026 55808.98864929 26.23 236.628872  46.147415 19.545 -100.00 -100.00 -100.00
 116     0.992 55808.98864988 27.09 236.630949  46.149623 21.194 -100.00 -100.00 -100.00
 117     1.816 55818.90429786 24.66 236.624666  46.145801 15.523 -100.00 -100.00 -100.00
 117     1.614 55818.90429845 27.87 236.626742  46.148009 23.471 -100.00 -100.00 -100.00
 117     0.853 55818.90429904 27.92 236.628819  46.150217 24.157 -100.00 -100.00 -100.00
 118     1.929 55828.81994303 26.34 236.626076  46.146110 17.611 -100.00 -100.00 -100.00
 118     1.514 55828.81994362 26.11 236.628152  46.148318 17.013 -100.00 -100.00 -100.00
 122     0.862 55868.48250335 44.20 236.625794  46.146457   -100 -100.00 -100.00 -100.00
 122     0.751 55868.48250394 47.56 236.627871  46.148665   -100 -100.00 -100.00 -100.00
 123     1.557 55878.39815413 28.28 236.620857  46.145337 24.664 -100.00 -100.00 -100.00
 123     1.471 55878.39815472 24.55 236.622933  46.147546 13.617 -100.00 -100.00 -100.00
 123     0.939 55878.39815531 26.57 236.625010  46.149754 19.803 -100.00 -100.00 -100.00
 124     2.836 55888.31379877 33.42 236.619649  46.144596 29.633 -100.00 -100.00 -100.00
 124     2.711 55888.31379936 27.33 236.621725  46.146804 12.800 -100.00 -100.00 -100.00
 124     2.018 55888.31379995 29.48 236.623802  46.149012 15.343 -100.00 -100.00 -100.00
 124     1.687 55888.31380054 34.74 236.625878  46.151220 24.216 -100.00 -100.00 -100.00
 125     1.719 55898.22943847 39.11 236.622460  46.145895 18.366 -100.00 -100.00 -100.00
 125     1.423 55898.22943906 39.49 236.624536  46.148103 18.198 -100.00 -100.00 -100.00
 125     1.462 55898.22943965 40.52 236.626613  46.150311 17.616 -100.00 -100.00 -100.00
 126     1.237 55908.14507289 42.35 236.624599  46.145250   -100 -100.00 -100.00 -100.00
 126     1.214 55908.14507348 43.08 236.626675  46.147458   -100  255.86  256.02  258.26
 126     1.284 55908.14507407 45.14 236.628752  46.149666   -100  255.86  256.02  258.26
 127     0.928 55918.06072130 32.75 236.622871  46.146557 25.996  258.07  258.40  260.76
 127     1.197 55918.06072189 29.73 236.624948  46.148765 17.760  258.07  258.40  260.76
 129     2.299 55937.89202347 32.00 236.616522  46.143575 29.505 -100.00 -100.00 -100.00
 129     1.982 55937.89202406 27.61 236.618599  46.145783 18.892 -100.00 -100.00 -100.00
 129     1.554 55937.89202465 27.65 236.620676  46.147991 20.237 -100.00 -100.00 -100.00
 129     1.722 55937.89202524 27.38 236.622752  46.150200 18.490 -100.00 -100.00 -100.00
 132     1.949 55967.63894711 28.68 236.622042  46.144846 16.979 -100.00 -100.00 -100.00
 132     1.244 55967.63894770 31.00 236.624119  46.147054 26.316 -100.00 -100.00 -100.00
 132     1.437 55967.63894830 28.85 236.626196  46.149262 16.307 -100.00 -100.00 -100.00
 133     1.414 55977.55458412 28.66 236.623757  46.146218 17.375 -100.00 -100.00 -100.00
 133     1.268 55977.55458471 29.79 236.625834  46.148427 20.344 -100.00 -100.00 -100.00
 134     2.039 55987.47021986 44.68 236.624570  46.145163 22.403 -100.00 -100.00 -100.00
 134     2.209 55987.47022045 44.75 236.626647  46.147371 19.639 -100.00 -100.00 -100.00
 134     1.846 55987.47022104 51.80 236.628724  46.149579   -100 -100.00 -100.00 -100.00
 135     2.085 55997.38585888 32.69 236.627332  46.145502 15.286 -100.00 -100.00 -100.00
 135     1.705 55997.38585947 35.78 236.629409  46.147710 23.013 -100.00 -100.00 -100.00
 135     1.672 55997.38586006 35.71 236.631486  46.149918 18.182 -100.00 -100.00 -100.00
 138     2.510 56027.13280048 31.14 236.621780  46.144746 23.745 -100.00 -100.00 -100.00
 138     2.423 56027.13280107 26.46 236.623857  46.146954 11.152 -100.00 -100.00 -100.00
 138     1.715 56027.13280166 29.19 236.625933  46.149162 17.938 -100.00 -100.00 -100.00
 139     2.356 56037.04844304 29.71 236.619236  46.145041 11.339 -100.00 -100.00 -100.00
 139     2.091 56037.04844364 30.06 236.621313  46.147249 11.296  266.40  269.37  271.00
 139     1.991 56037.04844423 30.51 236.623390  46.149457 11.482  266.40  269.37  271.00
 139     1.836 56037.04844482 32.06 236.625467  46.151665 12.980  266.40  269.37  271.00
 140     1.705 56046.96408373 27.33 236.618419  46.144660 19.069 -100.00 -100.00 -100.00
 140     1.809 56046.96408433 24.02 236.620495  46.146868 11.434 -100.00 -100.00 -100.00
 140     1.409 56046.96408492 24.89 236.622572  46.149076 12.780 -100.00 -100.00 -100.00
 140     0.873 56046.96408551 29.08 236.624649  46.151284 22.457 -100.00 -100.00 -100.00
 142     1.232 56066.79535615 30.65 236.624489  46.145297  8.997 -100.00 -100.00 -100.00
 142     0.901 56066.79535674 31.98 236.626565  46.147505 10.585 -100.00 -100.00 -100.00
 142     1.069 56066.79535733 32.19 236.628642  46.149714  9.868  269.90  269.86  271.00
 143     2.479 56076.71100433 48.73 236.622891  46.145796   -100 -100.00 -100.00 -100.00
 143     1.968 56076.71100492 44.06 236.624967  46.148004   -100 -100.00 -100.00 -100.00
 143     2.133 56076.71100551 42.34 236.627044  46.150212 30.265 -100.00 -100.00 -100.00
 144     3.135 56086.62665252 34.41 236.617924  46.144327 14.795 -100.00 -100.00 -100.00
 144     2.543 56086.62665311 34.59 236.620000  46.146536 17.074 -100.00 -100.00 -100.00
 144     2.405 56086.62665370 36.51 236.622077  46.148744 22.370 -100.00 -100.00 -100.00
 144     2.725 56086.62665429 38.45 236.624154  46.150952 23.458 -100.00 -100.00 -100.00
 145     3.546 56096.54229888 23.69 236.616878  46.144853 12.272 -100.00 -100.00 -100.00
 145     3.631 56096.54229947 23.80 236.618954  46.147062 11.699 -100.00 -100.00 -100.00
 145     2.884 56096.54230006 24.02 236.621031  46.149270 10.407 -100.00 -100.00 -100.00
 145     0.648 56096.54230065 26.71 236.623108  46.151478 18.989 -100.00 -100.00 -100.00
 146     2.034 56106.45794293 34.09 236.617294  46.144000 20.537  263.12  264.88  265.38
 146     1.795 56106.45794352 29.62 236.619370  46.146208  9.881  263.12  264.88  265.38
 146     1.275 56106.45794411 32.18 236.621447  46.148416 14.194  263.12  264.88  265.38
 146     0.736 56106.45794470 34.67 236.623523  46.150624 22.215  263.12  264.88  265.38
 147     0.812 56116.37357342 29.06 236.622204  46.145766 31.449 -100.00 -100.00 -100.00
 147     0.538 56116.37357402 29.20 236.624280  46.147974 28.014 -100.00 -100.00 -100.00
 147     0.266 56116.37357461 30.84 236.626357  46.150181   -100 -100.00 -100.00 -100.00
 148     2.030 56126.28921132 25.83 236.625739  46.145507 14.254 -100.00 -100.00 -100.00
 148     1.410 56126.28921191 26.86 236.627816  46.147714 20.105 -100.00 -100.00 -100.00
 148     0.697 56126.28921250 29.40 236.629892  46.149922 28.051 -100.00 -100.00 -100.00
 150     1.580 56146.12048876 26.20 236.627585  46.146110 16.305  271.67  274.30  273.25
 150     0.966 56146.12048935 27.43 236.629662  46.148317 24.108  271.67  274.30  273.25
 151     1.437 56156.03613812 22.83 236.623634  46.145627 14.477  278.45  280.44  279.93
 151     0.859 56156.03613872 25.73 236.625711  46.147835 21.100  278.45  280.44  279.93
 151     0.837 56156.03613931 28.49 236.627788  46.150043 26.493  278.45  280.44  279.93
 152     1.133 56165.95178678 26.19 236.621359  46.145201 21.806 -100.00 -100.00 -100.00
 152     0.764 56165.95178737 25.10 236.623435  46.147409 21.397 -100.00 -100.00 -100.00
 152     0.383 56165.95178796 28.91 236.625512  46.149617 28.758 -100.00 -100.00 -100.00
 153     0.826 56175.86743367 25.83 236.622432  46.145953 19.542 -100.00 -100.00 -100.00
 153     0.459 56175.86743426 26.59 236.624509  46.148161 24.184 -100.00 -100.00 -100.00
 153     0.660 56175.86743485 27.81 236.626586  46.150369 23.631 -100.00 -100.00 -100.00
 154     0.935 56185.78307541 24.91 236.624209  46.145821 18.463 -100.00 -100.00 -100.00
 154     0.233 56185.78307601 27.95 236.626286  46.148029 32.018 -100.00 -100.00 -100.00
 154     0.567 56185.78307660 27.14 236.628363  46.150237 25.877 -100.00 -100.00 -100.00
 155     0.899 56195.69871339 27.56 236.625937  46.146167 28.502  266.76  266.27  267.55
 155     0.533 56195.69871398 27.29 236.628014  46.148375 28.437  266.76  266.27  267.55
 156     1.718 56205.61434766 25.45 236.624724  46.144887 16.336  261.55  261.32  262.85
 156     1.327 56205.61434825 27.02 236.626801  46.147095 19.562  261.55  261.32  262.85
 156     0.631 56205.61434884 29.34 236.628877  46.149303 27.558  261.55  261.32  262.85
 157     1.951 56215.52998083 39.84 236.625431  46.145559 21.502 -100.00 -100.00 -100.00
 157     1.201 56215.52998142 42.79 236.627508  46.147767   -100 -100.00 -100.00 -100.00
 157     1.447 56215.52998201 44.01 236.629584  46.149975   -100 -100.00 -100.00 -100.00
 158     0.932 56225.44561906 42.31 236.624332  46.144296   -100 -100.00 -100.00 -100.00
 158     1.402 56225.44561965 37.25 236.626408  46.146504   -100 -100.00 -100.00 -100.00
 158     1.042 56225.44562024 32.34 236.628485  46.148712 23.561 -100.00 -100.00 -100.00
 159     0.905 56235.36127445 46.84 236.623122  46.145623   -100 -100.00 -100.00 -100.00
 159     0.935 56235.36127504 46.66 236.625199  46.147831 31.250 -100.00 -100.00 -100.00
 159     0.517 56235.36127563 46.61 236.627275  46.150039   -100 -100.00 -100.00 -100.00
 160     0.683 56245.27692550 38.36 236.620932  46.144719 21.402 -100.00 -100.00 -100.00
 160     0.771 56245.27692609 40.11 236.623008  46.146927 26.981 -100.00 -100.00 -100.00
 160     0.493 56245.27692668 41.11 236.625084  46.149135 28.633 -100.00 -100.00 -100.00
 161     1.765 56255.19257195 34.43 236.619900  46.145199 12.190 -100.00 -100.00 -100.00
 161     1.205 56255.19257254 36.46 236.621977  46.147407 19.370 -100.00 -100.00 -100.00
 161     1.386 56255.19257313 36.14 236.624053  46.149615 14.134  259.45  261.94  263.22
 162   151.637 56265.10821396  8.97 236.616646  46.143598 17.835 -100.00 -100.00 -100.00
 162   154.106 56265.10821455  3.35 236.618722  46.145806  7.648 -100.00 -100.00 -100.00
 162   153.908 56265.10821514  3.10 236.620798  46.148014  7.869 -100.00 -100.00 -100.00
 162   153.081 56265.10821573  4.97 236.622875  46.150222  9.997 -100.00 -100.00 -100.00
 164     2.308 56284.93950061 41.81 236.616856  46.143835 26.644 -100.00 -100.00 -100.00
 164     2.164 56284.93950120 39.71 236.618933  46.146043 20.180 -100.00 -100.00 -100.00
 164     2.071 56284.93950179 40.50 236.621009  46.148252 20.882 -100.00 -100.00 -100.00
 164     1.862 56284.93950238 40.30 236.623086  46.150460 20.859 -100.00 -100.00 -100.00
 166     1.409 56304.77079912 28.99 236.621230  46.145257 13.325 -100.00 -100.00 -100.00
 166     1.260 56304.77079971 28.55 236.623307  46.147466 13.348 -100.00 -100.00 -100.00
 166     0.895 56304.77080030 30.42 236.625384  46.149674 16.087  254.60  254.01  255.50
 167     1.741 56314.68644179 27.37 236.619802  46.144406 19.660 -100.00 -100.00 -100.00
 167     1.592 56314.68644238 28.54 236.621879  46.146614 20.199 -100.00 -100.00 -100.00
 167     1.430 56314.68644297 27.45 236.623957  46.148822 14.818 -100.00 -100.00 -100.00
 167     0.989 56314.68644356 28.45 236.626034  46.151030 18.885 -100.00 -100.00 -100.00
 168     2.845 56324.60208200 43.49 236.616382  46.143038 18.908 -100.00 -100.00 -100.00
 168     2.940 56324.60208259 43.72 236.618459  46.145247 25.928 -100.00 -100.00 -100.00
 168     2.097 56324.60208318 44.04 236.620536  46.147455 29.397 -100.00 -100.00 -100.00
 168     2.397 56324.60208377 40.12 236.622613  46.149663 18.167 -100.00 -100.00 -100.00
 168     2.326 56324.60208436 41.97 236.624691  46.151871 24.845 -100.00 -100.00 -100.00
 170     1.728 56344.43336131 26.32 236.619340  46.143927 14.109 -100.00 -100.00 -100.00
 170     2.375 56344.43336190 24.11 236.621417  46.146135 12.566 -100.00 -100.00 -100.00
 170     1.243 56344.43336249 26.77 236.623493  46.148344 16.424 -100.00 -100.00 -100.00
 170     0.602 56344.43336308 30.37 236.625570  46.150552 28.821 -100.00 -100.00 -100.00
 171     0.933 56354.34899917 31.01 236.626766  46.146562 14.341  254.09  253.83  257.50
 171     0.922 56354.34899976 30.85 236.628843  46.148770 13.625  254.09  253.83  257.50
 172     0.808 56364.26464280 45.67 236.626226  46.144748 32.291  263.12  265.14  266.26
 172     1.115 56364.26464339 44.89 236.628303  46.146956 24.899  263.12  265.14  266.26
 172     0.966 56364.26464398 48.46 236.630380  46.149164   -100  263.12  265.14  266.26
 173     1.424 56374.18029165 28.18 236.624047  46.146109 11.950 -100.00 -100.00 -100.00
 173     1.571 56374.18029224 29.12 236.626124  46.148317 13.717 -100.00 -100.00 -100.00
 175     2.437 56394.01158138 29.45 236.616473  46.147305 20.403 -100.00 -100.00 -100.00
 175     2.273 56394.01158197 25.32 236.618550  46.149513 11.907 -100.00 -100.00 -100.00
 175     1.395 56394.01158256 29.22 236.620627  46.151721 24.239 -100.00 -100.00 -100.00
 175     1.354 56394.01158315 29.03 236.622704  46.153929 18.379 -100.00 -100.00 -100.00
 176   156.230 56403.92722412  1.04 236.618265  46.148811  6.123  264.58  265.48  267.43
 176   156.362 56403.92722471  0.73 236.620342  46.151020  5.740  264.58  265.48  267.43
 176   168.196 56403.92722530  0.37 236.622418  46.153228  5.312  264.58  265.48  267.43
 177     1.540 56413.84286249 27.87 236.616948  46.144142 10.732 -100.00 -100.00 -100.00
 177     1.161 56413.84286308 28.40 236.619024  46.146350 10.264 -100.00 -100.00 -100.00
 177     0.961 56413.84286367 29.80 236.621101  46.148559 12.364 -100.00 -100.00 -100.00
 177     0.848 56413.84286426 31.40 236.623178  46.150767 15.924 -100.00 -100.00 -100.00
 178     1.424 56423.75849795 41.84 236.624545  46.146520 24.638 -100.00 -100.00 -100.00
 178     1.117 56423.75849854 46.46 236.626622  46.148728   -100 -100.00 -100.00 -100.00
 179     1.242 56433.67414246 31.63 236.623738  46.146236 18.215 -100.00 -100.00 -100.00
 179     1.198 56433.67414305 31.02 236.625815  46.148444 15.758 -100.00 -100.00 -100.00
 180     2.510 56443.58979370 33.78 236.617150  46.144716 14.539 -100.00 -100.00 -100.00
 180     2.392 56443.58979429 34.97 236.619227  46.146924 17.424 -100.00 -100.00 -100.00
 180     2.374 56443.58979488 35.99 236.621303  46.149132 15.056 -100.00 -100.00 -100.00
 180     2.130 56443.58979547 37.13 236.623380  46.151341 17.237 -100.00 -100.00 -100.00
 181     2.770 56453.50544343 25.57 236.615472  46.146861 14.557 -100.00 -100.00 -100.00
 181     2.274 56453.50544402 24.60 236.617548  46.149069 12.353 -100.00 -100.00 -100.00
 181     1.833 56453.50544461 25.57 236.619625  46.151277 14.213 -100.00 -100.00 -100.00
 181     1.034 56453.50544520 27.79 236.621702  46.153485 19.991 -100.00 -100.00 -100.00
 182     2.562 56463.42109000 39.02 236.615150  46.146005 18.731 -100.00 -100.00 -100.00
 182     2.426 56463.42109059 44.02 236.617226  46.148213 22.660 -100.00 -100.00 -100.00
 182     2.079 56463.42109118 48.15 236.619303  46.150421 30.698 -100.00 -100.00 -100.00
 182     1.922 56463.42109177 52.01 236.621380  46.152629   -100 -100.00 -100.00 -100.00
 183     2.031 56473.33673309 38.91 236.616510  46.143704 25.526 -100.00 -100.00 -100.00
 183     1.737 56473.33673368 33.16 236.618587  46.145912 19.282 -100.00 -100.00 -100.00
 183     1.519 56473.33673427 31.97 236.620663  46.148120 16.650 -100.00 -100.00 -100.00
 183     1.085 56473.33673486 34.17 236.622740  46.150327 23.622 -100.00 -100.00 -100.00
 184     0.702 56483.25237429 28.36 236.623654  46.146526 26.042  267.48  269.16  269.44
 184     0.495 56483.25237488 28.88 236.625730  46.148734 28.551  267.48  269.16  269.44
 185     1.446 56493.16801081 24.69 236.624111  46.144982 16.980  267.85  269.11  269.97
 185     1.090 56493.16801141 26.60 236.626188  46.147190 23.273  267.85  269.11  269.97
 185     0.673 56493.16801200 27.16 236.628265  46.149398 26.493  267.85  269.11  269.97
 186     1.585 56503.08364583 24.87 236.625788  46.146463 15.946  271.92  273.59  273.60
 186     0.942 56503.08364642 26.94 236.627865  46.148671 26.218  271.92  273.59  273.60
 187     1.876 56512.99927874 25.12 236.626155  46.145211 21.006  276.21  278.36  277.74
 187     1.479 56512.99927933 24.05 236.628231  46.147419 16.154  276.21  278.36  277.74
 187     0.985 56512.99927992 27.64 236.630307  46.149627 22.700  276.21  278.36  277.74
 188     1.937 56522.91492775 24.31 236.625467  46.145629 16.114  278.24  279.79  278.93
 188     0.645 56522.91492834 26.71 236.627543  46.147837 24.630  278.24  279.79  278.93
 188     0.656 56522.91492893 29.34 236.629620  46.150045   -100  278.24  279.79  278.93
 189     1.165 56532.83058026 25.91 236.625157  46.145932 12.628 -100.00 -100.00 -100.00
 189     0.950 56532.83058085 27.98 236.627234  46.148140 17.325 -100.00 -100.00 -100.00
 191     0.550 56552.66187353 27.08 236.622422  46.145544 19.879 -100.00 -100.00 -100.00
 191     0.371 56552.66187412 27.74 236.624499  46.147752 17.954 -100.00 -100.00 -100.00
 191     0.282 56552.66187471 30.25 236.626576  46.149960 26.214 -100.00 -100.00 -100.00
 192     1.773 56562.57751529 25.96 236.616721  46.143485 18.111 -100.00 -100.00 -100.00
 192     1.447 56562.57751588 24.86 236.618797  46.145693 14.911 -100.00 -100.00 -100.00
 192     0.932 56562.57751647 24.19 236.620874  46.147901 14.757 -100.00 -100.00 -100.00
 192     0.733 56562.57751706 24.74 236.622951  46.150109 16.717 -100.00 -100.00 -100.00
 193     3.138 56572.49315685 27.55 236.615644  46.145200  9.594  262.51  263.10  264.45
 193     2.730 56572.49315744 27.73 236.617720  46.147408  9.762  262.51  263.10  264.45
 193     2.437 56572.49315803 26.66 236.619797  46.149616  8.099  262.51  263.10  264.45
 193     2.030 56572.49315862 27.14 236.621873  46.151824  8.044  262.51  263.10  264.45
 195     0.698 56592.32443200 30.75 236.623203  46.146040 30.968  261.29  261.70  263.64
 195     0.356 56592.32443259 39.52 236.625279  46.148248   -100  261.29  261.70  263.64
 195     1.217 56592.32443318 38.04 236.627356  46.150456 29.277  261.29  261.70  263.64
 196     0.732 56602.24008217 44.42 236.622315  46.144870   -100 -100.00 -100.00 -100.00
 196     1.299 56602.24008276 39.59 236.624391  46.147078 20.491 -100.00 -100.00 -100.00
 196     0.912 56602.24008335 39.50 236.626468  46.149286 25.227 -100.00 -100.00 -100.00
 197     0.954 56612.15573163 26.48 236.620835  46.145467 10.567 -100.00 -100.00 -100.00
 197     1.118 56612.15573222 26.31 236.622911  46.147675 11.355 -100.00 -100.00 -100.00
 197     0.621 56612.15573281 28.15 236.624988  46.149883 12.662 -100.00 -100.00 -100.00
 198     1.605 56622.07137640 37.61 236.617432  46.144679 19.797 -100.00 -100.00 -100.00
 198     1.483 56622.07137699 36.22 236.619508  46.146887 14.780 -100.00 -100.00 -100.00
 198     1.235 56622.07137758 38.62 236.621585  46.149095 19.059 -100.00 -100.00 -100.00
 198     1.308 56622.07137817 40.20 236.623661  46.151303 20.412 -100.00 -100.00 -100.00
 199     3.002 56631.98701893 29.86 236.617064  46.145742 20.254 -100.00 -100.00 -100.00
 199     2.690 56631.98701952 26.48 236.619141  46.147950 13.190 -100.00 -100.00 -100.00
 199     2.395 56631.98702011 25.52 236.621217  46.150158 12.501 -100.00 -100.00 -100.00
 199     1.714 56631.98702070 27.44 236.623294  46.152366 14.990 -100.00 -100.00 -100.00
 200     2.644 56641.90265699 31.43 236.618570  46.144230 14.746  259.88  260.68  263.62
 200     2.321 56641.90265758 31.22 236.620647  46.146438 14.668  259.88  260.68  263.62
 200     2.056 56641.90265817 29.61 236.622724  46.148647 10.539  259.88  260.68  263.62
 200     1.912 56641.90265877 30.65 236.624800  46.150855 11.454  259.88  260.68  263.62
 201     1.036 56651.81830711 27.76 236.622961  46.146661 19.027 -100.00 -100.00 -100.00
 201     0.809 56651.81830771 28.94 236.625038  46.148869 23.550 -100.00 -100.00 -100.00
 202     1.323 56661.73395677 32.55 236.621849  46.144689 11.494 -100.00 -100.00 -100.00
 202     1.187 56661.73395736 32.62 236.623926  46.146897 12.588 -100.00 -100.00 -100.00
 202     1.005 56661.73395795 33.23 236.626004  46.149105 14.553 -100.00 -100.00 -100.00
 203     0.862 56671.64960372 39.21 236.621260  46.145343 24.211 -100.00 -100.00 -100.00
 203     0.887 56671.64960431 40.69 236.623337  46.147552 21.989 -100.00 -100.00 -100.00
 203     0.920 56671.64960490 41.49 236.625414  46.149760 22.163 -100.00 -100.00 -100.00
 204     1.924 56681.56524815 27.36 236.617350  46.144744 20.106 -100.00 -100.00 -100.00
 204     1.940 56681.56524874 23.82 236.619426  46.146952 11.759 -100.00 -100.00 -100.00
 204     1.670 56681.56524933 23.93 236.621504  46.149161 13.800 -100.00 -100.00 -100.00
 204     0.540 56681.56524992 30.74 236.623581  46.151369 32.167 -100.00 -100.00 -100.00
 206   155.254 56701.39652997  1.87 236.617949  46.144210  5.247  260.45  261.13  263.14
 206   155.073 56701.39653056  2.52 236.620025  46.146419  6.670  260.45  261.13  263.14
 206   154.602 56701.39653115  1.25 236.622102  46.148627  6.357  260.45  261.13  263.14
 206   154.168 56701.39653174  2.17 236.624179  46.150835  6.794  260.45  261.13  263.14
 207     1.756 56711.31216504 32.45 236.624869  46.145595  9.556 -100.00 -100.00 -100.00
 207     1.739 56711.31216563 33.45 236.626946  46.147803 12.286 -100.00 -100.00 -100.00
 207     1.629 56711.31216622 34.86 236.629023  46.150011 13.785 -100.00 -100.00 -100.00
 208     1.424 56721.22780889 40.00 236.624001  46.144400 29.107 -100.00 -100.00 -100.00
 208     1.803 56721.22780948 34.98 236.626078  46.146608 14.858 -100.00 -100.00 -100.00
 208     1.596 56721.22781007 34.98 236.628154  46.148816 13.863 -100.00 -100.00 -100.00
 209   -14.305 56731.14346006 21.95 236.619174  46.144087  4.622 -100.00 -100.00 -100.00
 209   -13.437 56731.14346065 21.99 236.621251  46.146295  4.935  260.25  260.90  263.35
 209   -12.614 56731.14346124 22.40 236.623328  46.148503  4.399  260.25  260.90  263.35
 209   -12.524 56731.14346183 22.42 236.625405  46.150711  5.041  260.25  260.90  263.35
 210     4.259 56741.05910789 28.81 236.614793  46.144948 13.156 -100.00 -100.00 -100.00
 210     0.834 56741.05910848 30.65 236.616869  46.147157 20.035 -100.00 -100.00 -100.00
 210     0.994 56741.05910907 29.57 236.618946  46.149365 14.385 -100.00 -100.00 -100.00
 210     0.771 56741.05910966 30.19 236.621023  46.151573 18.138  267.08  267.49  269.94
 211     2.213 56750.97475247 26.96 236.615444  46.148443 11.648  262.10  263.19  265.25
 211     1.943 56750.97475306 27.66 236.617521  46.150652 11.671  262.10  263.19  265.25
 211     1.456 56750.97475365 29.58 236.619597  46.152860 14.462  262.10  263.19  265.25
 213     3.342 56770.80602325 27.53 236.620026  46.144476 13.140 -100.00 -100.00 -100.00
 213     1.936 56770.80602384 28.82 236.622102  46.146684 17.384 -100.00 -100.00 -100.00
 213     1.584 56770.80602443 29.97 236.624179  46.148892 17.198 -100.00 -100.00 -100.00
 213     1.001 56770.80602502 35.42 236.626256  46.151101   -100 -100.00 -100.00 -100.00
 214     1.936 56780.72167674 28.15 236.618456  46.144313 16.182 -100.00 -100.00 -100.00
 214     1.603 56780.72167733 28.11 236.620533  46.146521 17.496 -100.00 -100.00 -100.00
 214     1.092 56780.72167792 28.65 236.622609  46.148729 22.086 -100.00 -100.00 -100.00
 214     1.126 56780.72167851 29.72 236.624686  46.150937 22.907 -100.00 -100.00 -100.00
 215     1.437 56790.63733189 30.84 236.617170  46.146464  9.648 -100.00 -100.00 -100.00
 215     1.084 56790.63733248 32.30 236.619247  46.148673 13.094 -100.00 -100.00 -100.00
 215     0.860 56790.63733307 33.17 236.621324  46.150881 14.589  266.67  267.01  268.50
 215     1.101 56790.63733366 33.18 236.623401  46.153089 12.816  266.67  267.01  268.50
 216     1.920 56800.55298326 27.81 236.613510  46.146978 17.732 -100.00 -100.00 -100.00
 216     1.308 56800.55298385 27.25 236.615587  46.149186 22.548 -100.00 -100.00 -100.00
 216     0.728 56800.55298444 27.54 236.617664  46.151394 22.214 -100.00 -100.00 -100.00
 216     0.661 56800.55298503 28.82 236.619741  46.153602 24.925 -100.00 -100.00 -100.00
 217     2.362 56810.46862794 27.99 236.612442  46.147335 24.244  263.59  264.43  265.87
 217     2.051 56810.46862853 25.79 236.614518  46.149543 18.028  263.59  264.43  265.87
 217     1.782 56810.46862912 26.63 236.616595  46.151751 20.596  263.59  264.43  265.87
 217     1.031 56810.46862971 27.76 236.618672  46.153959 20.931  263.59  264.43  265.87
 218     3.066 56820.38426773 33.34 236.613727  46.146366   -100 -100.00 -100.00 -100.00
 218     2.730 56820.38426832 26.81 236.615803  46.148574 19.263 -100.00 -100.00 -100.00
 218     2.356 56820.38426891 27.04 236.617880  46.150782 18.363 -100.00 -100.00 -100.00
 218     2.126 56820.38426950 26.45 236.619957  46.152990 14.383 -100.00 -100.00 -100.00
 219     2.573 56830.29990380 28.31 236.618111  46.145143 20.907 -100.00 -100.00 -100.00
 219     2.231 56830.29990439 29.02 236.620187  46.147351 20.617 -100.00 -100.00 -100.00
 219     1.175 56830.29990498 30.95 236.622264  46.149559 28.229 -100.00 -100.00 -100.00
 219     1.460 56830.29990557 27.85 236.624341  46.151766 20.966 -100.00 -100.00 -100.00
 220   -13.638 56840.21553721  7.69 236.625045  46.145373  2.080  271.96  273.98  273.11
 220   -12.819 56840.21553780  7.81 236.627121  46.147581  2.304  271.96  273.98  273.11
 220   -12.567 56840.21553839  8.46 236.629198  46.149789  2.822  271.96  273.98  273.11
 222     1.010 56860.04682623 26.29 236.622491  46.145010 21.187  274.87  275.96  275.94
 222     0.869 56860.04682682 25.85 236.624568  46.147218 19.719  274.87  275.96  275.94
 222     0.483 56860.04682741 30.14 236.626644  46.149426 31.965  274.87  275.96  275.94
 223     1.783 56869.96247940 29.00 236.616611  46.143979 29.131  280.34  282.00  281.65
 223     1.786 56869.96247999 25.92 236.618687  46.146187 21.919  280.34  282.00  281.65
 223     1.290 56869.96248058 25.68 236.620763  46.148395 23.310  280.34  282.00  281.65
 223     1.020 56869.96248117 24.78 236.622840  46.150603 16.110  280.34  282.00  281.65
 224     2.321 56879.87813106 28.75 236.616228  46.145848  6.291 -100.00 -100.00 -100.00
 224     2.145 56879.87813165 28.64 236.618304  46.148056  5.530 -100.00 -100.00 -100.00
 224     1.852 56879.87813224 29.12 236.620381  46.150264  5.290 -100.00 -100.00 -100.00
 224     1.620 56879.87813283 29.53 236.622458  46.152472  6.373 -100.00 -100.00 -100.00
 225     2.192 56889.79377873 26.45 236.615905  46.145532 19.883  273.49  273.61  273.76
 225     2.122 56889.79377932 24.85 236.617981  46.147740 17.655  273.49  273.61  273.76
 225     1.557 56889.79377991 24.33 236.620058  46.149948 15.284  273.49  273.61  273.76
 225     0.977 56889.79378050 27.10 236.622135  46.152156 27.068  273.49  273.61  273.76
 226     1.418 56899.70942385 26.22 236.616745  46.146457 15.926 -100.00 -100.00 -100.00
 226     1.017 56899.70942444 23.75 236.618822  46.148665 10.386 -100.00 -100.00 -100.00
 226     1.043 56899.70942503 25.03 236.620899  46.150873 13.442 -100.00 -100.00 -100.00
 226     0.919 56899.70942562 26.25 236.622976  46.153081 13.519  268.26  269.05  268.97
 227     1.119 56909.62506618 28.73 236.614600  46.146342  9.016  265.82  265.84  266.75
 227     0.734 56909.62506677 31.40 236.616676  46.148550 12.542  265.82  265.84  266.75
 227     0.372 56909.62506736 35.63 236.618753  46.150758 24.487  265.82  265.84  266.75
 227     0.615 56909.62506795 33.79 236.620830  46.152966 16.520  265.82  265.84  266.75
 228     0.417 56919.54070733 35.27 236.615155  46.148674 18.740 -100.00 -100.00 -100.00
 228     0.559 56919.54070792 36.16 236.617232  46.150882 20.485 -100.00 -100.00 -100.00
 228     0.721 56919.54070851 35.69 236.619309  46.153090 17.583 -100.00 -100.00 -100.00
 229     1.701 56929.45634543 27.31 236.614079  46.146870 23.101  264.29  265.41  266.03
 229     1.428 56929.45634602 26.84 236.616155  46.149078 18.574  264.29  265.41  266.03
 229     1.213 56929.45634661 27.06 236.618231  46.151286 19.640  264.29  265.41  266.03
 229     1.176 56929.45634720 29.04 236.620308  46.153494 25.882  264.29  265.41  266.03
 230     2.706 56939.37197936 40.32 236.616981  46.145464 25.071 -100.00 -100.00 -100.00
 230     2.341 56939.37197995 41.15 236.619057  46.147672   -100 -100.00 -100.00 -100.00
 230     2.053 56939.37198054 41.90 236.621134  46.149880  3.661 -100.00 -100.00 -100.00
 230     2.336 56939.37198113 33.45 236.623210  46.152088 27.608 -100.00 -100.00 -100.00
 231     2.520 56949.28761554 27.31 236.621251  46.144780 13.241 -100.00 -100.00 -100.00
 231     2.304 56949.28761613 26.80 236.623327  46.146988 10.759 -100.00 -100.00 -100.00
 231     2.262 56949.28761672 27.73 236.625403  46.149196 11.648 -100.00 -100.00 -100.00
 232     1.446 56959.20326770 28.60 236.619012  46.144024 16.453 -100.00 -100.00 -100.00
 232     0.925 56959.20326829 32.39 236.621088  46.146232 28.674 -100.00 -100.00 -100.00
 232     1.043 56959.20326888 29.52 236.623164  46.148440 17.028 -100.00 -100.00 -100.00
 232     1.066 56959.20326947 30.43 236.625241  46.150647 18.773 -100.00 -100.00 -100.00
 233     0.963 56969.11891618 36.58 236.621271  46.148338 21.226  260.68  261.99  263.12
 233     0.823 56969.11891677 36.44 236.623348  46.150546 17.739  260.68  261.99  263.12
 234     1.319 56979.03455886 36.87 236.617139  46.144630   -100 -100.00 -100.00 -100.00
 234     1.063 56979.03455946 31.02 236.619215  46.146838 14.687 -100.00 -100.00 -100.00
 234    -0.028 56979.03456005 34.57 236.621292  46.149046 30.968  259.45  258.43  261.71
 234     0.360 56979.03456064 34.24 236.623369  46.151254 24.813  259.45  258.43  261.71
 235     2.039 56988.95019811 31.78 236.617664  46.143727 28.769 -100.00 -100.00 -100.00
 235     1.845 56988.95019870 27.39 236.619741  46.145936 15.493 -100.00 -100.00 -100.00
 235     1.751 56988.95019929 28.50 236.621817  46.148144 17.886 -100.00 -100.00 -100.00
 235     0.931 56988.95019988 31.17 236.623894  46.150352 28.143  265.36  267.50  269.50
 236     2.497 56998.86583241 26.66 236.625197  46.146384 12.270 -100.00 -100.00 -100.00
 236     1.917 56998.86583300 28.32 236.627274  46.148592 14.953 -100.00 -100.00 -100.00
 237     2.532 57008.78148356 28.83 236.624596  46.146191 18.895  261.36  262.00  263.11
 237     2.405 57008.78148415 30.62 236.626673  46.148399 21.646  261.36  262.00  263.11
 238     2.682 57018.69713598 30.71 236.621632  46.144642 12.155 -100.00 -100.00 -100.00
 238     2.335 57018.69713657 29.51 236.623709  46.146850 11.577 -100.00 -100.00 -100.00
 238     2.043 57018.69713716 31.51 236.625786  46.149059 14.514  259.89  260.92  262.14
 240     1.428 57038.52843314 30.31 236.617763  46.145224 17.195 -100.00 -100.00 -100.00
 240     1.209 57038.52843373 31.62 236.619840  46.147432 22.866 -100.00 -100.00 -100.00
 240     1.404 57038.52843432 31.11 236.621917  46.149640 16.872 -100.00 -100.00 -100.00
 240     1.156 57038.52843491 34.42 236.623994  46.151848 26.449  258.65  259.25  262.45
 241     1.165 57048.44407848 32.90 236.617322  46.145745 29.134 -100.00 -100.00 -100.00
 241     1.254 57048.44407907 26.48 236.619399  46.147953 11.671 -100.00 -100.00 -100.00
 241     1.235 57048.44407966 28.19 236.621475  46.150161 15.075 -100.00 -100.00 -100.00
 241     0.930 57048.44408026 31.56 236.623553  46.152369 20.872 -100.00 -100.00 -100.00
 242     2.061 57058.35971929 34.86 236.616286  46.142889 19.147 -100.00 -100.00 -100.00
 242     1.765 57058.35971988 31.97 236.618362  46.145097 12.902 -100.00 -100.00 -100.00
 242     1.527 57058.35972047 32.80 236.620438  46.147306 14.542 -100.00 -100.00 -100.00
 242     1.569 57058.35972106 34.20 236.622515  46.149514 15.989 -100.00 -100.00 -100.00
 242     1.327 57058.35972165 34.21 236.624592  46.151722 16.976  261.26  263.32  264.65
 243     2.069 57068.27535635 39.46 236.622860  46.146389 25.967 -100.00 -100.00 -100.00
 243     1.892 57068.27535694 39.56 236.624937  46.148598 23.548 -100.00 -100.00 -100.00
 243     1.669 57068.27535753 40.19 236.627013  46.150806 25.537 -100.00 -100.00 -100.00
 244     1.693 57078.19098812 26.68 236.625133  46.145957 17.033  262.23  264.03  265.87
 244     1.541 57078.19098871 26.81 236.627210  46.148166 16.968  262.23  264.03  265.87
 245     1.088 57088.10662239 34.15 236.626212  46.146087 23.198 -100.00 -100.00 -100.00
 245     1.232 57088.10662298 32.52 236.628289  46.148295 17.115  263.41  263.80  266.25
 246     1.589 57098.02227994 28.96 236.617561  46.144184  8.533 -100.00 -100.00 -100.00
 246     1.460 57098.02228053 29.49 236.619637  46.146392  8.451 -100.00 -100.00 -100.00
 246     0.785 57098.02228112 31.42 236.621714  46.148600 13.497 -100.00 -100.00 -100.00
 246     1.061 57098.02228171 31.45 236.623790  46.150808 10.946 -100.00 -100.00 -100.00
 248     1.951 57117.85358662 29.08 236.615332  46.146329 10.158 -100.00 -100.00 -100.00
 248     1.821 57117.85358721 29.22 236.617408  46.148537 10.426 -100.00 -100.00 -100.00
 248     1.383 57117.85358780 30.92 236.619485  46.150746 14.771 -100.00 -100.00 -100.00
 248     1.136 57117.85358839 32.21 236.621562  46.152954 14.321 -100.00 -100.00 -100.00
 249     2.286 57127.76923086 33.30 236.615550  46.144861 13.772 -100.00 -100.00 -100.00
 249     2.222 57127.76923145 32.64 236.617627  46.147069 14.344 -100.00 -100.00 -100.00
 249     1.884 57127.76923204 33.40 236.619704  46.149277 17.646 -100.00 -100.00 -100.00
 249     1.911 57127.76923263 33.30 236.621781  46.151486 15.290  264.18  264.38  265.94
 250     2.343 57137.68486961 40.24 236.616212  46.143724 27.138 -100.00 -100.00 -100.00
 250     2.127 57137.68487020 37.45 236.618288  46.145932 26.011 -100.00 -100.00 -100.00
 250     1.839 57137.68487079 37.75 236.620365  46.148140 28.480 -100.00 -100.00 -100.00
 250     1.938 57137.68487138 43.92 236.622442  46.150349   -100 -100.00 -100.00 -100.00
 250     2.255 57137.68487197 44.33 236.624519  46.152557   -100 -100.00 -100.00 -100.00
 251     1.525 57147.60050460 38.48 236.618308  46.143613 24.064 -100.00 -100.00 -100.00
 251     1.557 57147.60050519 43.30 236.620385  46.145822   -100 -100.00 -100.00 -100.00
 251     1.673 57147.60050578 39.34 236.622462  46.148030 24.429 -100.00 -100.00 -100.00
 251     1.779 57147.60050637 40.83 236.624539  46.150238   -100 -100.00 -100.00 -100.00
 252     0.966 57157.51613761 28.00 236.623516  46.145364 22.193  263.74  265.14  266.18
 252     0.876 57157.51613820 28.96 236.625593  46.147572 22.645  263.74  265.14  266.18
 252     0.558 57157.51613879 28.64 236.627670  46.149781 22.880  263.74  265.14  266.18
 253     1.141 57167.43178311 27.47 236.623349  46.144534 20.016 -100.00 -100.00 -100.00
 253     0.857 57167.43178370 28.46 236.625426  46.146742 19.757 -100.00 -100.00 -100.00
 253     0.800 57167.43178429 28.67 236.627502  46.148950 26.505 -100.00 -100.00 -100.00
 254     1.756 57177.34743947 25.16 236.623025  46.146381 14.379 -100.00 -100.00 -100.00
 254     1.307 57177.34744006 27.28 236.625102  46.148589 18.815 -100.00 -100.00 -100.00
 254     0.703 57177.34744065 29.70 236.627178  46.150797 24.470 -100.00 -100.00 -100.00
 255     2.288 57187.26309131 27.15 236.621592  46.145927 20.048 -100.00 -100.00 -100.00
 255     2.046 57187.26309190 23.49 236.623668  46.148135 11.749 -100.00 -100.00 -100.00
 255     1.358 57187.26309249 26.50 236.625745  46.150343 21.478 -100.00 -100.00 -100.00
 256     1.857 57197.17873870 32.85 236.618661  46.143859 32.522 -100.00 -100.00 -100.00
 256     1.888 57197.17873929 27.95 236.620737  46.146067 21.875 -100.00 -100.00 -100.00
 256     1.786 57197.17873988 26.56 236.622814  46.148275 16.957 -100.00 -100.00 -100.00
 256     1.051 57197.17874047 28.93 236.624890  46.150482 27.136 -100.00 -100.00 -100.00
 257     1.735 57207.09437326 29.46 236.617563  46.144267   -100  274.21  276.90  275.93
 257     1.752 57207.09437385 24.01 236.619639  46.146475 17.757  274.21  276.90  275.93
 257     1.498 57207.09437444 22.25 236.621716  46.148682 13.207  274.21  276.90  275.93
 257     0.677 57207.09437503 25.54 236.623793  46.150890 22.802  274.21  276.90  275.93
 258     1.514 57217.01001805 29.27 236.615958  46.143781 29.894  276.06  278.21  277.86
 258     1.504 57217.01001864 30.00 236.618034  46.145989   -100  276.06  278.21  277.86
 258     1.369 57217.01001923 23.74 236.620111  46.148197 14.509  276.06  278.21  277.86
 258     0.707 57217.01001982 24.89 236.622187  46.150404 19.525  276.06  278.21  277.86
 258     0.504 57217.01002041 28.82 236.624264  46.152612 30.248  276.06  278.21  277.86
 260     1.101 57236.84130450 24.84 236.619647  46.145130 16.851 -100.00 -100.00 -100.00
 260     0.819 57236.84130509 23.25 236.621724  46.147338 13.597 -100.00 -100.00 -100.00
 260     0.499 57236.84130568 25.98 236.623800  46.149546 21.201 -100.00 -100.00 -100.00
 261     1.079 57246.75694321 24.85 236.622164  46.145702 16.443  276.75  278.24  276.77
 261     0.602 57246.75694380 26.49 236.624240  46.147910 22.062  276.75  278.24  276.77
 261     0.662 57246.75694439 27.67 236.626317  46.150118 23.764  276.75  278.24  276.77
 262     1.736 57256.67257905 24.19 236.623315  46.145953 18.136 -100.00 -100.00 -100.00
 262     0.923 57256.67257964 26.70 236.625392  46.148161 25.154 -100.00 -100.00 -100.00
 262     0.649 57256.67258023 27.79 236.627469  46.150369 27.758 -100.00 -100.00 -100.00
 263     2.245 57266.58821335 27.41 236.623104  46.145799 18.544 -100.00 -100.00 -100.00
 263     1.842 57266.58821394 26.39 236.625181  46.148007 13.562 -100.00 -100.00 -100.00
 263     1.162 57266.58821453 28.52 236.627257  46.150215 19.440 -100.00 -100.00 -100.00
 264     1.818 57276.50385796 33.13 236.620633  46.145003 20.329 -100.00 -100.00 -100.00
 264     1.614 57276.50385855 34.26 236.622709  46.147211 25.863 -100.00 -100.00 -100.00
 264     1.314 57276.50385914 30.72 236.624786  46.149419 14.733 -100.00 -100.00 -100.00
 265     0.663 57286.41951377 31.96 236.616283  46.142980   -100 -100.00 -100.00 -100.00
 265     0.995 57286.41951436 28.32 236.618359  46.145188 25.801 -100.00 -100.00 -100.00
 265     0.695 57286.41951495 24.29 236.620435  46.147396 13.523 -100.00 -100.00 -100.00
 265     0.615 57286.41951554 25.01 236.622511  46.149604 15.100 -100.00 -100.00 -100.00
 265     0.708 57286.41951613 27.87 236.624588  46.151812 21.966 -100.00 -100.00 -100.00
 266     1.435 57296.33516767 40.31 236.616761  46.144005 19.116 -100.00 -100.00 -100.00
 266     0.906 57296.33516826 45.41 236.618837  46.146213 29.444 -100.00 -100.00 -100.00
 266     0.766 57296.33516885 43.41 236.620913  46.148421   -100 -100.00 -100.00 -100.00
 266     0.740 57296.33516944 41.34 236.622990  46.150629   -100 -100.00 -100.00 -100.00
 267     1.720 57306.25081758 30.06 236.616033  46.143298 20.834  263.90  265.90  266.98
 267     1.487 57306.25081817 29.42 236.618110  46.145506 22.083  263.90  265.90  266.98
 267     1.102 57306.25081876 26.40 236.620186  46.147713 17.273  263.90  265.90  266.98
 267     0.937 57306.25081935 25.47 236.622262  46.149921 13.786  263.90  265.90  266.98
 267     0.560 57306.25081994 29.33 236.624339  46.152129 26.724  263.90  265.90  266.98
 268     1.948 57316.16646462 37.38 236.617135  46.146289 23.084 -100.00 -100.00 -100.00
 268     1.870 57316.16646522 39.47 236.619211  46.148497 25.897 -100.00 -100.00 -100.00
 268     1.980 57316.16646581 39.58 236.621288  46.150705 26.283 -100.00 -100.00 -100.00
 268     2.009 57316.16646640 39.20 236.623364  46.152913 20.929 -100.00 -100.00 -100.00
 269     2.453 57326.08210754 42.42 236.614181  46.145519 23.718  268.56  271.38  270.91
 269     2.384 57326.08210813 43.20 236.616257  46.147727 28.369  268.56  271.38  270.91
 269     2.273 57326.08210872 47.48 236.618334  46.149935   -100  268.56  271.38  270.91
 269     2.200 57326.08210931 49.39 236.620411  46.152143   -100  268.56  271.38  270.91
 270     1.660 57335.99774910 26.24 236.614833  46.146061 17.627 -100.00 -100.00 -100.00
 270     1.421 57335.99774969 26.55 236.616909  46.148269 17.803 -100.00 -100.00 -100.00
 270     1.150 57335.99775028 26.36 236.618986  46.150477 17.637 -100.00 -100.00 -100.00
 270     1.249 57335.99775087 28.51 236.621063  46.152685 19.531 -100.00 -100.00 -100.00
 271     1.635 57345.91339655 27.61 236.616446  46.146765  9.209 -100.00 -100.00 -100.00
 271     1.595 57345.91339714 29.36 236.618523  46.148973 11.388 -100.00 -100.00 -100.00
 271     1.459 57345.91339773 32.31 236.620600  46.151181 18.883  258.48  259.03  261.71
 271     1.669 57345.91339832 37.61 236.622677  46.153389 22.628  258.48  259.03  261.71
 272     1.455 57355.82904398 27.80 236.616696  46.145194 21.580 -100.00 -100.00 -100.00
 272     1.199 57355.82904457 25.54 236.618773  46.147403 16.316 -100.00 -100.00 -100.00
 272     0.655 57355.82904516 26.82 236.620850  46.149611 22.127 -100.00 -100.00 -100.00
 272     0.691 57355.82904575 26.72 236.622927  46.151819 20.182 -100.00 -100.00 -100.00
 273    82.337 57365.74468788  1.84 236.618031  46.144593  3.166 -100.00 -100.00 -100.00
 273    82.448 57365.74468847  0.80 236.620108  46.146801  3.416 -100.00 -100.00 -100.00
 273    81.938 57365.74468906  2.12 236.622185  46.149009  3.812 -100.00 -100.00 -100.00
 273    66.724 57365.74468965 10.60 236.624262  46.151217 10.785 -100.00 -100.00 -100.00
 274   163.000 57375.66032818  1.69 236.618336  46.144004  5.889  252.69  252.95  255.41
 274   153.564 57375.66032877  3.42 236.620413  46.146212  8.413  252.69  252.95  255.41
 274   152.868 57375.66032936  2.75 236.622490  46.148421  9.403  252.69  252.95  255.41
 274   152.132 57375.66032995  3.31 236.624567  46.150629  9.775  252.69  252.95  255.41
 276     1.211 57395.49160526 26.75 236.623221  46.147408 16.622  255.84  256.18  258.11
 276     0.736 57395.49160585 30.49 236.625298  46.149617 30.178  255.84  256.18  258.11
 277     1.709 57405.40724163 31.97 236.624381  46.145166 22.548 -100.00 -100.00 -100.00
 277     1.403 57405.40724222 31.34 236.626457  46.147374 19.310 -100.00 -100.00 -100.00
 277     1.812 57405.40724281 32.24 236.628534  46.149583 18.938 -100.00 -100.00 -100.00
 278     2.589 57415.32289030 27.75 236.624937  46.145652 15.100 -100.00 -100.00 -100.00
 278     1.364 57415.32289089 29.17 236.627013  46.147860 17.575 -100.00 -100.00 -100.00
 278     1.188 57415.32289148 30.56 236.629090  46.150068 23.317 -100.00 -100.00 -100.00
 279     0.857 57425.23854122 48.10 236.622379  46.145530   -100 -100.00 -100.00 -100.00
 279     0.869 57425.23854181 42.28 236.624455  46.147738 31.085 -100.00 -100.00 -100.00
 279     0.757 57425.23854240 43.02 236.626532  46.149946   -100 -100.00 -100.00 -100.00
 282     4.356 57454.98548201 30.01 236.613891  46.147778 16.213  259.81  260.15  262.37
 282     4.332 57454.98548260 28.45 236.615968  46.149986 12.158  259.81  260.15  262.37
 282     1.942 57454.98548319 31.02 236.618044  46.152195 17.668  259.81  260.15  262.37
 282     1.378 57454.98548378 34.28 236.620121  46.154403 26.049  259.81  260.15  262.37
 285     1.578 57484.73240371 25.44 236.623990  46.145259 12.971 -100.00 -100.00 -100.00
 285     0.915 57484.73240430 28.32 236.626066  46.147467 19.523 -100.00 -100.00 -100.00
 285     0.682 57484.73240489 29.71 236.628144  46.149675 26.112 -100.00 -100.00 -100.00
 286     1.428 57494.64803777 27.40 236.626087  46.145501 17.868 -100.00 -100.00 -100.00
 286     1.034 57494.64803836 29.48 236.628164  46.147709 28.264 -100.00 -100.00 -100.00
 286     0.794 57494.64803895 29.77 236.630241  46.149918 29.030 -100.00 -100.00 -100.00
 288     2.327 57514.47932483 27.68 236.622581  46.146268 19.338  262.13  263.50  264.13
 288     2.044 57514.47932542 26.05 236.624657  46.148476 12.094  262.13  263.50  264.13
 288     0.757 57514.47932601 31.38 236.626734  46.150684 27.970  262.13  263.50  264.13
 289     2.116 57524.39497814 26.69 236.619465  46.143985 17.881 -100.00 -100.00 -100.00
 289     1.612 57524.39497873 26.54 236.621542  46.146193 19.596 -100.00 -100.00 -100.00
 289     1.312 57524.39497932 24.80 236.623618  46.148401 15.355 -100.00 -100.00 -100.00
 289     0.691 57524.39497991 28.86 236.625695  46.150609 27.041 -100.00 -100.00 -100.00
 290     1.106 57534.31063028 28.53 236.621906  46.145003 23.156 -100.00 -100.00 -100.00
 290     1.018 57534.31063087 26.32 236.623982  46.147211 18.392 -100.00 -100.00 -100.00
 290     0.533 57534.31063146 28.87 236.626059  46.149419 24.833 -100.00 -100.00 -100.00
 291     0.850 57544.22627932 35.74 236.623172  46.145884 16.633  274.55  276.66  276.42
 291     0.925 57544.22627991 36.11 236.625249  46.148092 15.116  274.55  276.66  276.42
 291     0.683 57544.22628050 37.16 236.627326  46.150300 17.859  274.55  276.66  276.42
 292     1.162 57554.14192542 34.79 236.620392  46.145022   -100  262.05  263.05  263.79
 292     1.606 57554.14192601 29.95 236.622469  46.147230 18.849  262.05  263.05  263.79
 292     1.418 57554.14192660 29.48 236.624546  46.149438 19.902  262.05  263.05  263.79
 293     1.898 57564.05757007 29.13 236.616634  46.144114 31.005  267.77  269.60  269.82
 293     1.948 57564.05757066 27.58 236.618710  46.146322 27.842  267.77  269.60  269.82
 293     1.536 57564.05757125 26.64 236.620787  46.148530 25.196  267.77  269.60  269.82
 293     1.283 57564.05757184 25.03 236.622863  46.150738 18.359  267.77  269.60  269.82
 294     2.130 57573.97321491 28.41 236.616175  46.145243 28.187  270.84  272.21  272.57
 294     2.388 57573.97321550 26.30 236.618251  46.147451 22.863  270.84  272.21  272.57
 294     1.971 57573.97321609 22.50 236.620327  46.149659 14.270  270.84  272.21  272.57
 294     1.570 57573.97321668 22.69 236.622404  46.151867 12.121  270.84  272.21  272.57
 295     0.930 57583.88885903 29.47 236.615978  46.144103   -100  274.79  275.11  275.78
 295     1.108 57583.88885962 24.24 236.618054  46.146311 20.605  274.79  275.11  275.78
 295     0.931 57583.88886021 24.08 236.620130  46.148519 17.812  274.79  275.11  275.78
 295     0.408 57583.88886080 24.36 236.622207  46.150727 18.792  274.79  275.11  275.78
 296     0.866 57593.80450190 24.29 236.619263  46.145298 16.745 -100.00 -100.00 -100.00
 296     0.810 57593.80450249 24.74 236.621340  46.147506 14.955 -100.00 -100.00 -100.00
 296     0.409 57593.80450308 25.90 236.623417  46.149714 18.947 -100.00 -100.00 -100.00
 296     0.580 57593.80450367 28.76 236.625494  46.151922 28.301 -100.00 -100.00 -100.00
 297     0.886 57603.72014179 25.28 236.619372  46.144183 16.420 -100.00 -100.00 -100.00
 297     0.931 57603.72014239 24.84 236.621448  46.146391 16.328 -100.00 -100.00 -100.00
 297     0.353 57603.72014298 25.95 236.623525  46.148599 17.807 -100.00 -100.00 -100.00
 297     0.661 57603.72014357 30.58 236.625602  46.150807 26.693 -100.00 -100.00 -100.00
