-247055.081    -9.086     0.00    0.00
-246766.130    -9.086     0.00    0.00
-246477.202    -9.086     0.00    0.00
-246188.296    -9.086     0.00    0.00
-245899.412    -9.086     0.00    0.00
-245610.551    -9.086     0.00    0.00
-245321.712    -9.086     0.00    0.00
-245032.896    -9.086     0.00    0.00
-244744.102    -9.086     0.00    0.00
-244455.330    -9.086     0.00    0.00
-244166.580    -9.086     0.00    0.00
-243877.853    -9.086     0.00    0.00
-243589.148    -9.086     0.00    0.00
-243300.466    -9.086     0.00    0.00
-243011.806    -9.086     0.00    0.00
-242723.168    -9.086     0.00    0.00
-242434.552    -9.086     0.00    0.00
-242145.959    -9.086     0.00    0.00
-241857.388    -9.086     0.00    0.00
-241568.839    -9.086     0.00    0.00
-241280.313    -9.086     0.00    0.00
-240991.808    -9.086     0.00    0.00
-240703.327    -9.086     0.00    0.00
-240414.867    -9.086     0.00    0.00
-240126.429    -9.086     0.00    0.00
-239838.014    -9.086     0.00    0.00
-239549.621    -9.086     0.00    0.00
-239261.251    -9.086     0.00    0.00
-238972.902    -9.086     0.00    0.00
-238684.576    -9.086     0.00    0.00
-238396.272    -9.086     0.00    0.00
-238107.990    -9.086     0.00    0.00
-237819.731    -9.086     0.00    0.00
-237531.493    -9.086     0.00    0.00
-237243.278    -9.086     0.00    0.00
-236955.085    -9.086     0.00    0.00
-236666.915    -9.086     0.00    0.00
-236378.766    -9.086     0.00    0.00
-236090.640    -9.086     0.00    0.00
-235802.535    -9.086     0.00    0.00
-235514.453    -9.086     0.00    0.00
-235226.393    -9.086     0.00    0.00
-234938.356    -9.086     0.00    0.00
-234650.340    -9.086     0.00    0.00
-234362.347    -9.086     0.00    0.00
-234074.375    -9.086     0.00    0.00
-233786.426    -9.086     0.00    0.00
-233498.499    -9.086     0.00    0.00
-233210.594    -9.086     0.00    0.00
-232922.712    -9.086     0.00    0.00
-232634.851    -9.086     0.00    0.00
-232347.012    -9.086     0.00    0.00
-232059.196    -9.086     0.00    0.00
-231771.402    -9.086     0.00    0.00
-231483.629    -9.086     0.00    0.00
-231195.879    -9.086     0.00    0.00
-230908.151    -9.086     0.00    0.00
-230620.445    -9.086     0.00    0.00
-230332.761    -9.086     0.00    0.00
-230045.100    -9.086     0.00    0.00
-229757.460    -9.086     0.00    0.00
-229469.842    -9.086     0.00    0.00
-229182.246    -9.086     0.00    0.00
-228894.673    -9.086     0.00    0.00
-228607.121    -9.086     0.00    0.00
-228319.592    -9.086     0.00    0.00
-228032.084    -9.086     0.00    0.00
-227744.599    -9.086     0.00    0.00
-227457.135    -9.086     0.00    0.00
-227169.694    -9.086     0.00    0.00
-226882.274    -9.086     0.00    0.00
-226594.877    -9.086     0.00    0.00
-226307.501    -9.086     0.00    0.00
-226020.148    -9.086     0.00    0.00
-225732.817    -9.086     0.00    0.00
-225445.507    -9.086     0.00    0.00
-225158.220    -9.086     0.00    0.00
-224870.954    -9.086     0.00    0.00
-224583.710    -9.086     0.00    0.00
-224296.489    -9.086     0.00    0.00
-224009.289    -9.086     0.00    0.00
-223722.112    -9.086     0.00    0.00
-223434.956    -9.086     0.00    0.00
-223147.822    -9.086     0.00    0.00
-222860.710    -9.086     0.00    0.00
-222573.620    -9.086     0.00    0.00
-222286.552    -9.086     0.00    0.00
-221999.506    -9.086     0.00    0.00
-221712.482    -9.086     0.00    0.00
-221425.480    -9.086     0.00    0.00
-221138.499    -9.086     0.00    0.00
-220851.541    -9.086     0.00    0.00
-220564.604    -9.086     0.00    0.00
-220277.690    -9.086     0.00    0.00
-219990.797    -9.086     0.00    0.00
-219703.926    -9.086     0.00    0.00
-219417.077    -9.086     0.00    0.00
-219130.250    -9.086     0.00    0.00
-218843.444    -9.086     0.00    0.00
-218556.661    -9.086     0.00    0.00
-218269.899    -9.086     0.00    0.00
-217983.160    -9.086     0.00    0.00
-217696.442    -9.086     0.00    0.00
-217409.746    -9.086     0.00    0.00
-217123.071    -9.086     0.00    0.00
-216836.419    -9.086     0.00    0.00
-216549.788    -9.086     0.00    0.00
-216263.180    -9.086     0.00    0.00
-215976.593    -9.086     0.00    0.00
-215690.027    -9.086     0.00    0.00
-215403.484    -9.086     0.00    0.00
-215116.962    -9.086     0.00    0.00
-214830.463    -9.086     0.00    0.00
-214543.985    -9.086     0.00    0.00
-214257.528    -9.086     0.00    0.00
-213971.094    -9.086     0.00    0.00
-213684.681    -9.086     0.00    0.00
-213398.290    -9.086     0.00    0.00
-213111.921    -9.086     0.00    0.00
-212825.574    -9.086     0.00    0.00
-212539.248    -9.086     0.00    0.00
-212252.944    -9.086     0.00    0.00
-211966.662    -9.086     0.00    0.00
-211680.401    -9.086     0.00    0.00
-211394.163    -9.086     0.00    0.00
-211107.946    -9.086     0.00    0.00
-210821.750    -9.086     0.00    0.00
-210535.577    -9.086     0.00    0.00
-210249.425    -9.086     0.00    0.00
-209963.295    -9.086     0.00    0.00
-209677.186    -9.086     0.00    0.00
-209391.099    -9.086     0.00    0.00
-209105.034    -9.086     0.00    0.00
-208818.991    -9.086     0.00    0.00
-208532.969    -9.086     0.00    0.00
-208246.969    -9.086     0.00    0.00
-207960.991    -9.086     0.00    0.00
-207675.034    -9.086     0.00    0.00
-207389.099    -9.086     0.00    0.00
-207103.185    -9.086     0.00    0.00
-206817.293    -9.086     0.00    0.00
-206531.423    -9.086     0.00    0.00
-206245.575    -9.086     0.00    0.00
-205959.748    -9.086     0.00    0.00
-205673.942    -9.086     0.00    0.00
-205388.159    -9.086     0.00    0.00
-205102.397    -9.086     0.00    0.00
-204816.656    -9.086     0.00    0.00
-204530.937    -9.086     0.00    0.00
-204245.240    -9.086     0.00    0.00
-203959.564    -9.086     0.00    0.00
-203673.910    -9.086     0.00    0.00
-203388.278    -9.086     0.00    0.00
-203102.667    -9.086     0.00    0.00
-202817.078    -9.086     0.00    0.00
-202531.510    -9.086     0.00    0.00
-202245.963    -9.086     0.00    0.00
-201960.439    -9.086     0.00    0.00
-201674.936    -9.086     0.00    0.00
-201389.454    -9.086     0.00    0.00
-201103.994    -9.086     0.00    0.00
-200818.556    -9.086     0.00    0.00
-200533.139    -9.086     0.00    0.00
-200247.743    -9.086     0.00    0.00
-199962.369    -9.086     0.00    0.00
-199677.017    -9.086     0.00    0.00
-199391.686    -9.086     0.00    0.00
-199106.377    -9.086     0.00    0.00
-198821.089    -9.086     0.00    0.00
-198535.822    -9.086     0.00    0.00
-198250.577    -9.086     0.00    0.00
-197965.354    -9.086     0.00    0.00
-197680.152    -9.086     0.00    0.00
-197394.971    -9.086     0.00    0.00
-197109.812    -9.086     0.00    0.00
-196824.675    -9.086     0.00    0.00
-196539.559    -9.086     0.00    0.00
-196254.464    -9.086     0.00    0.00
-195966.994    -9.086     0.00    0.00
-195677.190    -9.086     0.00    0.00
-195387.410    -9.086     0.00    0.00
-195097.652    -9.086     0.00    0.00
-194807.916    -9.086     0.00    0.00
-194518.202    -9.086     0.00    0.00
-194228.511    -9.086     0.00    0.00
-193938.843    -9.086     0.00    0.00
-193649.197    -9.086     0.00    0.00
-193359.573    -9.086     0.00    0.00
-193069.972    -9.086     0.00    0.00
-192780.393    -9.086     0.00    0.00
-192490.837    -9.086     0.00    0.00
-192201.303    -9.086     0.00    0.00
-191911.791    -9.086     0.00    0.00
-191622.302    -9.086     0.00    0.00
-191332.835    -9.086     0.00    0.00
-191043.391    -9.086     0.00    0.00
-190753.969    -9.086     0.00    0.00
-190464.569    -9.086     0.00    0.00
-190175.191    -9.086     0.00    0.00
-189885.836    -9.086     0.00    0.00
-189596.504    -9.086     0.00    0.00
-189307.193    -9.086     0.00    0.00
-189017.905    -9.086     0.00    0.00
-188728.640    -9.086     0.00    0.00
-188439.396    -9.086     0.00    0.00
-188150.175    -9.086     0.00    0.00
-187860.976    -9.086     0.00    0.00
-187571.800    -9.086     0.00    0.00
-187282.646    -9.086     0.00    0.00
-186993.514    -9.086     0.00    0.00
-186704.405    -9.086     0.00    0.00
-186415.317    -9.086     0.00    0.00
-186126.253    -9.086     0.00    0.00
-185837.210    -9.086     0.00    0.00
-185548.189    -9.086     0.00    0.00
-185259.191    -9.086     0.00    0.00
-184970.215    -9.086     0.00    0.00
-184681.262    -9.086     0.00    0.00
-184392.331    -9.086     0.00    0.00
-184103.421    -9.086     0.00    0.00
-183814.535    -9.086     0.00    0.00
-183525.670    -9.086     0.00    0.00
-183236.827    -9.086     0.00    0.00
-182948.007    -9.086     0.00    0.00
-182659.209    -9.086     0.00    0.00
-182370.434    -9.086     0.00    0.00
-182081.680    -9.086     0.00    0.00
-181792.949    -9.086     0.00    0.00
-181504.240    -9.086     0.00    0.00
-181215.553    -9.086     0.00    0.00
-180926.888    -9.086     0.00    0.00
-180638.245    -9.086     0.00    0.00
-180349.625    -9.086     0.00    0.00
-180061.027    -9.086     0.00    0.00
-179772.451    -9.086     0.00    0.00
-179483.897    -9.086     0.00    0.00
-179195.365    -9.086     0.00    0.00
-178906.855    -9.086     0.00    0.00
-178618.368    -9.086     0.00    0.00
-178329.902    -9.086     0.00    0.00
-178041.459    -9.086     0.00    0.00
-177753.038    -9.086     0.00    0.00
-177464.639    -9.086     0.00    0.00
-177176.262    -9.086     0.00    0.00
-176887.908    -9.086     0.00    0.00
-176599.575    -9.086     0.00    0.00
-176311.265    -9.086     0.00    0.00
-176022.976    -9.086     0.00    0.00
-175734.710    -9.086     0.00    0.00
-175446.466    -9.086     0.00    0.00
-175158.243    -9.086     0.00    0.00
-174870.043    -9.086     0.00    0.00
-174581.865    -9.086     0.00    0.00
-174293.709    -9.086     0.00    0.00
-174005.575    -9.086     0.00    0.00
-173717.464    -9.086     0.00    0.00
-173429.374    -9.086     0.00    0.00
-173141.306    -9.086     0.00    0.00
-172853.260    -9.086     0.00    0.00
-172565.237    -9.086     0.00    0.00
-172277.235    -9.086     0.00    0.00
-171989.255    -9.086     0.00    0.00
-171701.298    -9.086     0.00    0.00
-171413.362    -9.086     0.00    0.00
-171125.448    -9.086     0.00    0.00
-170837.557    -9.086     0.00    0.00
-170549.687    -9.086     0.00    0.00
-170261.839    -9.086     0.00    0.00
-169974.014    -9.086     0.00    0.00
-169686.210    -9.086     0.00    0.00
-169398.428    -9.086     0.00    0.00
-169110.669    -9.086     0.00    0.00
-168822.931    -9.086     0.00    0.00
-168535.215    -9.086     0.00    0.00
-168247.521    -9.086     0.00    0.00
-167959.849    -9.086     0.00    0.00
-167672.199    -9.086     0.00    0.00
-167384.571    -9.086     0.00    0.00
-167096.965    -9.086     0.00    0.00
-166809.381    -9.086     0.00    0.00
-166521.819    -9.086     0.00    0.00
-166234.279    -9.086     0.00    0.00
-165946.760    -9.086     0.00    0.00
-165659.264    -9.086     0.00    0.00
-165371.789    -9.086     0.00    0.00
-165084.336    -9.086     0.00    0.00
-164796.905    -9.086     0.00    0.00
-164509.497    -9.086     0.00    0.00
-164222.109    -9.086     0.00    0.00
-163934.744    -9.086     0.00    0.00
-163647.401    -9.086     0.00    0.00
-163360.079    -9.086     0.00    0.00
-163072.780    -9.086     0.00    0.00
-162785.502    -9.086     0.00    0.00
-162498.246    -9.086     0.00    0.00
-162211.012    -9.086     0.00    0.00
-161923.800    -9.086     0.00    0.00
-161636.609    -9.086     0.00    0.00
-161349.441    -9.086     0.00    0.00
-161062.294    -9.086     0.00    0.00
-160775.169    -9.086     0.00    0.00
-160488.066    -9.086     0.00    0.00
-160200.985    -9.086     0.00    0.00
-159913.925    -9.086     0.00    0.00
-159626.887    -9.086     0.00    0.00
-159339.872    -9.086     0.00    0.00
-159052.877    -9.086     0.00    0.00
-158765.905    -9.086     0.00    0.00
-158478.954    -9.086     0.00    0.00
-158192.026    -9.086     0.00    0.00
-157905.119    -9.086     0.00    0.00
-157618.233    -9.086     0.00    0.00
-157331.370    -9.086     0.00    0.00
-157044.528    -9.086     0.00    0.00
-156757.708    -9.086     0.00    0.00
-156470.910    -9.086     0.00    0.00
-156184.133    -9.086     0.00    0.00
-155897.378    -9.086     0.00    0.00
-155610.645    -9.086     0.00    0.00
-155323.933    -9.086     0.00    0.00
-155037.244    -9.086     0.00    0.00
-154750.576    -9.086     0.00    0.00
-154463.929    -9.086     0.00    0.00
-154177.305    -9.086     0.00    0.00
-153890.702    -9.086     0.00    0.00
-153604.121    -9.086     0.00    0.00
-153317.561    -9.086     0.00    0.00
-153031.023    -9.086     0.00    0.00
-152744.507    -9.086     0.00    0.00
-152458.013    -9.086     0.00    0.00
-152171.540    -9.086     0.00    0.00
-151885.088    -9.086     0.00    0.00
-151598.659    -9.086     0.00    0.00
-151312.251    -9.086     0.00    0.00
-151025.865    -9.086     0.00    0.00
-150739.500    -9.086     0.00    0.00
-150453.157    -9.086     0.00    0.00
-150166.836    -9.086     0.00    0.00
-149880.536    -9.086     0.00    0.00
-149594.258    -9.086     0.00    0.00
-149308.001    -9.086     0.00    0.00
-149021.766    -9.086     0.00    0.00
-148735.553    -9.086     0.00    0.00
-148449.361    -9.086     0.00    0.00
-148163.191    -9.086     0.00    0.00
-147877.042    -9.086     0.00    0.00
-147590.915    -9.086     0.00    0.00
-147304.810    -9.086     0.00    0.00
-147018.726    -9.086     0.00    0.00
-146732.664    -9.086     0.00    0.00
-146446.623    -9.086     0.00    0.00
-146160.604    -9.086     0.00    0.00
-145874.606    -9.086     0.00    0.00
-145588.630    -9.086     0.00    0.00
-145302.675    -9.086     0.00    0.00
-145016.742    -9.086     0.00    0.00
-144730.831    -9.086     0.00    0.00
-144444.941    -9.086     0.00    0.00
-144159.072    -9.086     0.00    0.00
-143873.225    -9.086     0.00    0.00
-143587.400    -9.086     0.00    0.00
-143301.596    -9.086     0.00    0.00
-143015.814    -9.086     0.00    0.00
-142730.053    -9.086     0.00    0.00
-142444.313    -9.086     0.00    0.00
-142158.595    -9.086     0.00    0.00
-141872.899    -9.086     0.00    0.00
-141587.224    -9.086     0.00    0.00
-141301.570    -9.086     0.00    0.00
-141015.938    -9.086     0.00    0.00
-140730.327    -9.086     0.00    0.00
-140444.738    -9.086     0.00    0.00
-140159.170    -9.086     0.00    0.00
-139873.624    -9.086     0.00    0.00
-139588.099    -9.086     0.00    0.00
-139302.595    -9.086     0.00    0.00
-139017.113    -9.086     0.00    0.00
-138731.653    -9.086     0.00    0.00
-138446.214    -9.086     0.00    0.00
-138160.796    -9.086     0.00    0.00
-137875.399    -9.086     0.00    0.00
-137590.024    -9.086     0.00    0.00
-137304.671    -9.086     0.00    0.00
-137019.339    -9.086     0.00    0.00
-136734.028    -9.086     0.00    0.00
-136448.738    -9.086     0.00    0.00
-136163.470    -9.086     0.00    0.00
-135878.224    -9.086     0.00    0.00
-135592.998    -9.086     0.00    0.00
-135307.794    -9.086     0.00    0.00
-135022.612    -9.086     0.00    0.00
-134737.450    -9.086     0.00    0.00
-134452.310    -9.086     0.00    0.00
-134167.192    -9.086     0.00    0.00
-133878.419    -9.086     0.00    0.00
-133588.626    -9.086     0.00    0.00
-133298.855    -9.086     0.00    0.00
-133009.107    -9.086     0.00    0.00
-132719.381    -9.086     0.00    0.00
-132429.678    -9.007     0.27    0.74
-132139.997    -8.120     3.06    5.46
-131850.338    -7.625     1.71    5.85
-131560.701    -7.382     0.84    5.93
-131271.087    -7.442    -0.21    4.18
-130981.495    -7.005     1.51    5.35
-130691.925    -5.983     3.53    7.71
-130402.377    -4.313     5.77   10.19
-130112.852    -2.661     5.71   12.16
-129823.349    -0.447     7.65   14.47
-129533.868     1.030     5.10   14.96
-129244.410     1.298     0.92   14.58
-128954.973     0.279    -3.52   13.10
-128665.559    -0.827    -3.82   11.19
-128376.168    -1.455    -2.17    9.35
-128086.798    -0.896     1.93    7.84
-127797.451     0.450     4.65    7.50
-127508.125     3.299     9.85    8.69
-127218.823     6.504    11.08    8.75
-126929.542     9.709    11.08    8.11
-126640.283    12.949    11.20    8.60
-126351.047    15.196     7.77    9.10
-126061.833    16.623     4.93    9.31
-125772.641    16.914     1.01    9.30
-125483.471    15.971    -3.26    8.37
-125194.323    15.155    -2.82    6.78
-124905.198    14.027    -3.90    6.25
-124616.094    12.607    -4.91    5.48
-124327.013    11.718    -3.07    5.20
-124037.954    11.596    -0.42    5.80
-123748.917    11.164    -1.49    6.53
-123459.903    11.178     0.05    7.90
-123170.910    13.247     7.16    9.32
-122881.940    14.807     5.40    9.42
-122592.991    16.831     7.00    9.20
-122304.065    18.021     4.12    8.62
-122015.161    18.219     0.68    8.42
-121726.279    20.450     7.73    8.05
-121437.419    21.456     3.48    9.39
-121148.581    23.095     5.67   11.49
-120859.765    25.191     7.26   12.40
-120570.972    25.664     1.64   12.52
-120282.200    24.155    -5.23   13.94
-119993.451    20.613   -12.27   16.40
-119704.723    14.842   -19.99   16.88
-119416.018     8.902   -20.58   14.66
-119127.335     3.420   -18.99    9.42
-118838.673     0.196   -11.17    6.49
-118550.034    -2.168    -8.19    4.29
-118261.417    -3.261    -3.79    4.81
-117972.822    -4.408    -3.98    4.89
-117684.249    -5.458    -3.64    4.75
-117395.698    -6.714    -4.35    4.02
-117107.169    -7.621    -3.14    3.47
-116818.662    -8.523    -3.13    2.33
-116530.177    -9.086    -1.95    0.00
-116241.714    -9.086     0.00    0.00
-115953.273    -9.086     0.00    0.00
-115664.854    -9.086     0.00    0.00
-115376.457    -9.086     0.00    0.00
-115088.082    -9.086     0.00    0.00
-114799.729    -9.086     0.00    0.00
-114511.397    -9.086     0.00    0.00
-114223.088    -9.086     0.00    0.00
-113934.801    -9.086     0.00    0.00
-113646.536    -9.086     0.00    0.00
-113358.293    -9.086     0.00    0.00
-113070.072    -9.086     0.00    0.00
-112781.872    -9.086     0.00    0.00
-112493.695    -9.086     0.00    0.00
-112205.539    -9.086     0.00    0.00
-111917.406    -9.086     0.00    0.00
-111629.294    -9.086     0.00    0.00
-111341.204    -9.086     0.00    0.00
-111053.137    -9.086     0.00    0.00
-110765.091    -9.086     0.00    0.00
-110477.067    -9.086     0.00    0.00
-110189.065    -9.086     0.00    0.00
-109901.084    -9.086     0.00    0.00
-109613.126    -9.086     0.00    0.00
-109325.190    -9.086     0.00    0.00
-109037.275    -9.086     0.00    0.00
-108749.382    -9.086     0.00    0.00
-108461.512    -9.086     0.00    0.00
-108173.663    -9.086     0.00    0.00
-107885.836    -9.086     0.00    0.00
-107598.030    -9.086     0.00    0.00
-107310.247    -9.086     0.00    0.00
-107022.485    -9.086     0.00    0.00
-106734.745    -9.086     0.00    0.00
-106447.028    -9.086     0.00    0.00
-106159.331    -9.086     0.00    0.00
-105871.657    -9.086     0.00    0.00
-105584.005    -9.086     0.00    0.00
-105296.374    -9.086     0.00    0.00
-105008.765    -9.086     0.00    0.00
-104721.178    -9.086     0.00    0.00
-104433.613    -9.086     0.00    0.00
-104146.069    -9.086     0.00    0.00
-103858.548    -9.086     0.00    0.00
-103571.048    -9.086     0.00    0.00
-103283.569    -9.062     0.08    0.22
-102996.113    -7.484     5.49    5.43
-102708.678    -4.291    11.11    9.47
-102421.266    -0.640    12.70   12.10
-102133.874     3.203    13.37   13.17
-101846.505     7.697    15.64   12.96
-101559.157    12.816    17.82   11.83
-101271.831    16.353    12.31   10.05
-100984.527    18.664     8.04    9.92
-100697.245    20.255     5.54   10.69
-100409.984    21.679     4.96   10.63
-100122.745    22.239     1.95   10.29
 -99835.528    24.948     9.43   10.99
 -99548.332    27.132     7.60   12.77
 -99261.158    30.454    11.57   14.46
 -98974.006    33.471    10.51   15.09
 -98686.875    36.270     9.75   15.92
 -98399.766    40.274    13.95   14.41
 -98112.679    41.530     4.37   15.85
 -97825.614    37.914   -12.60   18.47
 -97538.570    36.477    -5.01   20.73
 -97251.548    35.535    -3.28   22.45
 -96964.547    37.029     5.21   23.32
 -96677.568    39.274     7.83   24.70
 -96390.611    43.102    13.34   27.23
 -96103.675    49.521    22.37   29.78
 -95816.762    56.497    24.32   30.08
 -95529.869    59.557    10.67   30.16
 -95242.998    61.877     8.09   32.51
 -94956.149    64.804    10.20   35.74
 -94669.322    66.902     7.31   36.04
 -94382.516    62.755   -14.46   35.26
 -94095.732    58.769   -13.90   37.03
 -93808.969    50.985   -27.15   36.11
 -93522.228    46.950   -14.08   33.75
 -93235.509    46.426    -1.83   30.09
 -92948.811    50.807    15.28   32.59
 -92662.135    60.223    32.85   39.69
 -92375.480    75.890    54.66   43.01
 -92088.847    93.360    60.95   39.86
 -91802.235   105.438    42.15   32.00
 -91515.645   113.170    26.98   25.71
 -91229.077   117.938    16.64   23.39
 -90942.530   119.408     5.13   25.07
 -90656.004   126.128    23.46   28.36
 -90369.500   129.819    12.88   29.13
 -90083.018   132.616     9.77   26.60
 -89796.557   130.577    -7.12   27.91
 -89510.118   129.833    -2.59   26.25
 -89223.700   127.661    -7.59   27.65
 -88937.304   124.649   -10.52   27.73
 -88650.929   119.289   -18.72   26.77
 -88364.576   118.100    -4.15   27.93
 -88078.244   121.561    12.09   32.14
 -87791.934   124.045     8.68   33.75
 -87505.645   125.867     6.36   36.80
 -87219.378   132.702    23.88   41.45
 -86933.132   138.100    18.86   41.30
 -86646.908   140.539     8.52   40.40
 -86360.705   141.695     4.04   40.62
 -86074.524   137.408   -14.98   42.46
 -85788.364   133.205   -14.69   48.82
 -85502.226   128.332   -17.03   51.52
 -85216.109   119.679   -30.25   54.26
 -84930.013   115.537   -14.48   55.72
 -84643.939   119.173    12.71   64.61
 -84357.886   129.697    36.79   72.26
 -84071.855   142.926    46.25   71.38
 -83785.845   149.816    24.09   69.83
 -83499.857   159.697    34.55   65.37
 -83213.890   168.287    30.04   58.27
 -82927.944   164.227   -14.20   52.41
 -82642.020   153.299   -38.22   50.18
 -82356.117   143.974   -32.62   46.22
 -82070.235   137.022   -24.32   46.20
 -81784.375   122.637   -50.33   44.47
 -81498.537   113.601   -31.62   39.85
 -81212.719   103.034   -36.97   37.14
 -80926.924    93.275   -34.15   35.95
 -80641.149    97.661    15.35   45.03
 -80355.396   115.179    61.31   65.90
 -80069.664   142.504    95.64   84.63
 -79783.953   181.414   136.20   89.97
 -79498.264   211.694   106.00   84.97
 -79212.597   237.079    88.87   62.88
 -78926.950   250.420    46.71   43.11
 -78641.325   254.455    14.13   35.58
 -78355.721   258.007    12.44   37.94
 -78070.139   257.053    -3.34   37.94
 -77784.578   253.460   -12.58   33.05
 -77499.038   247.339   -21.44   31.80
 -77213.519   240.753   -23.07   34.73
 -76928.022   238.612    -7.50   35.37
 -76642.546   236.737    -6.57   37.40
 -76357.091   232.855   -13.60   34.13
 -76071.658   234.114     4.41   35.24
 -75786.246   244.702    37.10   38.81
 -75500.855   259.796    52.89   42.11
 -75215.485   272.184    43.41   34.99
 -74930.137   277.373    18.18   33.06
 -74644.810   276.361    -3.55   33.73
 -74359.504   275.337    -3.59   36.04
 -74074.220   277.332     6.99   36.68
 -73788.957   276.495    -2.94   35.70
 -73503.715   270.821   -19.89   34.11
 -73218.494   271.112     1.02   35.30
 -72933.294   269.053    -7.22   38.95
 -72648.116   267.184    -6.55   43.45
 -72362.959   260.702   -22.73   51.39
 -72077.551   244.926   -55.28   63.81
 -71787.749   218.987   -89.51   82.38
 -71497.970   175.902  -148.69   97.27
 -71208.212   134.070  -144.38  100.50
 -70918.477    95.902  -131.74   96.17
 -70628.764    62.275  -116.08   78.52
 -70339.073    39.095   -80.02   55.65
 -70049.404    25.022   -48.58   36.09
 -69759.757    19.540   -18.93   24.84
 -69470.133    20.255     2.47   24.02
 -69180.530    19.950    -1.05   22.27
 -68890.950    17.232    -9.39   21.88
 -68601.392    16.286    -3.27   21.49
 -68311.856    14.402    -6.51   20.57
 -68022.342    14.029    -1.29   22.03
 -67732.850    12.302    -5.96   22.82
 -67443.381    12.443     0.49   23.53
 -67153.933    14.749     7.97   24.48
 -66864.508    18.267    12.15   26.43
 -66575.104    22.477    14.55   28.27
 -66285.723    27.592    17.68   30.72
 -65996.364    35.798    28.36   30.72
 -65707.027    42.104    21.80   30.18
 -65417.712    51.771    33.41   32.39
 -65128.419    61.438    33.42   33.01
 -64839.148    74.024    43.51   32.96
 -64549.899    84.661    36.78   30.00
 -64260.672    91.396    23.29   23.67
 -63971.468    89.366    -7.02   23.92
 -63682.285    84.652   -16.30   25.67
 -63393.124    79.974   -16.18   26.91
 -63103.985    73.998   -20.67   25.45
 -62814.869    68.011   -20.71   21.78
 -62525.774    68.658     2.24   26.22
 -62236.702    69.961     4.51   29.09
 -61947.651    72.652     9.31   30.81
 -61658.622    77.961    18.37   32.62
 -61369.616    84.397    22.27   32.99
 -61080.631    88.718    14.96   30.97
 -60791.669    92.705    13.80   28.65
 -60502.728    97.705    17.31   27.84
 -60213.809   103.098    18.67   29.21
 -59924.913   107.121    13.93   31.24
 -59636.038   108.832     5.93   31.48
 -59347.185   112.879    14.01   31.57
 -59058.354   119.259    22.09   30.05
 -58769.546   122.414    10.92   27.42
 -58480.759   123.581     4.04   26.32
 -58191.994   118.987   -15.91   27.59
 -57903.251   117.353    -5.66   27.99
 -57614.530   113.597   -13.01   28.14
 -57325.830   107.986   -19.44   26.78
 -57037.153   106.735    -4.33   25.38
 -56748.498   107.342     2.10   25.31
 -56459.864   102.450   -16.95   26.80
 -56171.253    96.432   -20.85   24.55
 -55882.663    91.280   -17.85   24.03
 -55594.096    90.402    -3.04   24.96
 -55305.550    89.604    -2.76   25.38
 -55017.026    89.354    -0.87   26.68
 -54728.524    97.104    26.86   31.58
 -54440.043   104.635    26.11   33.08
 -54151.585   108.661    13.96   32.18
 -53863.149   110.454     6.22   34.30
 -53574.734   117.549    24.60   38.27
 -53286.341   117.561     0.04   37.48
 -52997.970   111.526   -20.93   35.71
 -52709.621   104.267   -25.17   36.40
 -52421.294    98.495   -20.02   38.59
 -52132.988    92.282   -21.55   39.91
 -51844.705    86.332   -20.64   35.97
 -51556.443    81.067   -18.27   24.25
 -51268.203    86.573    19.10   29.57
 -50979.985    97.070    36.42   34.02
 -50691.788   112.804    54.60   41.61
 -50403.614   134.781    76.27   49.27
 -50115.461   161.805    93.79   59.08
 -49827.330   195.444   116.75   72.18
 -49539.221   231.963   126.76   77.82
 -49251.134   264.219   111.97   76.47
 -48963.068   288.034    82.68   74.29
 -48675.024   299.107    38.44   73.89
 -48387.002   297.299    -6.27   73.09
 -48099.002   292.749   -15.80   73.52
 -47811.023   287.652   -17.70   66.66
 -47523.066   283.384   -14.82   58.96
 -47235.131   280.228   -10.96   53.29
 -46947.218   280.565     1.17   57.38
 -46659.326   291.065    36.47   62.79
 -46371.456   310.030    65.88   71.40
 -46083.608   330.530    71.22   83.29
 -45795.781   355.293    86.04  101.49
 -45507.977   380.052    86.03  108.65
 -45220.193   401.799    75.57  102.14
 -44932.432   412.053    35.64   91.95
 -44644.692   414.239     7.60   87.00
 -44356.974   425.984    40.82   82.31
 -44069.278   439.695    47.66   82.36
 -43781.604   453.523    48.07   81.93
 -43493.951   467.052    47.03   88.18
 -43206.319   488.443    74.37   94.52
 -42918.710   515.045    92.50  100.30
 -42631.122   538.819    82.67  107.85
 -42343.556   556.914    62.93  111.99
 -42056.011   571.709    51.46  114.73
 -41768.488   597.402    89.36  119.69
 -41480.987   625.604    98.10  123.02
 -41193.507   641.235    54.37  121.89
 -40906.049   645.188    13.75  112.85
 -40618.612   633.475   -40.75  105.62
 -40331.197   618.487   -52.15  115.81
 -40043.804   604.275   -49.45  119.91
 -39756.432   586.821   -60.74  128.16
 -39469.082   576.581   -35.64  141.52
 -39181.754   567.983   -29.92  147.41
 -38894.447   573.937    20.73  147.35
 -38607.162   586.135    42.46  140.90
 -38319.898   592.077    20.69  134.66
 -38032.656   576.856   -52.99  141.15
 -37745.436   546.569  -105.45  142.80
 -37458.237   510.454  -125.75  128.50
 -37171.059   468.132  -147.38  110.62
 -36883.903   429.123  -135.85   91.18
 -36596.769   402.437   -92.94   82.27
 -36309.656   387.321   -52.65   78.08
 -36022.565   379.774   -26.29   77.02
 -35735.496   391.196    39.79   81.41
 -35448.447   408.356    59.78   94.26
 -35161.421   439.573   108.76  103.02
 -34874.416   477.842   133.34   94.59
 -34587.432   506.866   101.14   80.32
 -34300.470   523.215    56.97   74.49
 -34013.530   515.191   -27.97   87.12
 -33726.611   476.203  -135.89  110.69
 -33439.713   418.950  -199.56  128.43
 -33152.837   353.646  -227.65  127.53
 -32865.982   306.577  -164.09  107.69
 -32579.149   275.577  -108.08   90.27
 -32292.338   254.890   -72.13   83.65
 -32005.548   236.830   -62.98   79.98
 -31718.779   218.170   -65.07   75.79
 -31432.032   209.889   -28.88   73.38
 -31145.306   217.223    25.58   85.03
 -30858.602   229.200    41.77  101.71
 -30571.919   245.033    55.23  111.70
 -30285.257   262.196    59.87  111.78
 -29998.617   276.984    51.59  104.25
 -29711.999   289.379    43.25   94.25
 -29425.402   300.844    40.01   83.35
 -29138.826   315.431    50.90   82.05
 -28852.272   334.549    66.72   92.89
 -28565.739   355.259    72.28  106.78
 -28279.227   385.057   104.00  110.80
 -27992.737   402.623    61.32  107.54
 -27706.269   409.247    23.12  100.38
 -27419.821   409.190    -0.20   93.63
 -27133.395   400.305   -31.02   88.59
 -26846.991   389.379   -38.15   81.21
 -26560.608   368.173   -74.05   78.94
 -26274.246   345.938   -77.65   73.54
 -25987.905   329.414   -57.71   74.60
 -25701.586   305.926   -82.04   75.10
 -25415.289   278.191   -96.88   70.62
 -25129.012   252.070   -91.24   63.14
 -24842.757   224.167   -97.48   54.49
 -24556.524   199.083   -87.64   52.15
 -24270.311   178.621   -71.49   45.36
 -23984.120   162.060   -57.87   41.40
 -23697.951   151.533   -36.79   41.74
 -23411.802   150.759    -2.70   42.58
 -23125.675   150.601    -0.55   41.92
 -22839.569   146.220   -15.31   43.08
 -22553.485   137.573   -30.23   48.15
 -22267.422   129.926   -26.73   46.91
 -21981.380   126.890   -10.61   48.93
 -21695.359   128.067     4.11   51.47
 -21409.360   131.539    12.14   52.27
 -21123.382   133.178     5.73   49.08
 -20837.425   138.705    19.33   46.67
 -20551.490   139.251     1.91   44.48
 -20265.576   132.856   -22.37   42.96
 -19979.683   118.075   -51.70   49.96
 -19693.811    97.026   -73.63   53.48
 -19407.961    81.453   -54.48   45.99
 -19122.132    72.959   -29.72   36.94
 -18836.324    73.994     3.62   38.19
 -18550.537    85.362    39.78   50.07
 -18264.772   105.763    71.39   58.33
 -17979.027   131.891    91.44   59.95
 -17693.304   156.314    85.48   52.91
 -17407.602   174.879    64.98   46.92
 -17121.922   190.460    54.54   47.10
 -16836.262   208.396    62.79   54.91
 -16550.624   227.184    65.78   68.66
 -16265.007   253.866    93.42   83.97
 -15979.411   282.938   101.79   92.82
 -15693.837   300.658    62.05   89.34
 -15408.283   305.492    16.93   85.33
 -15122.751   294.589   -38.19   89.88
 -14837.240   270.191   -85.45   90.88
 -14551.750   237.311  -115.17   85.81
 -14266.281   203.733  -117.63   73.24
 -13980.834   174.516  -102.36   50.60
 -13695.407   160.676   -48.49   41.04
 -13410.002   157.057   -12.68   38.48
 -13124.618   154.817    -7.85   37.41
 -12839.255   153.646    -4.11   37.38
 -12553.913   146.048   -26.63   42.18
 -12268.592   131.292   -51.72   51.96
 -11983.292   110.719   -72.11   55.97
 -11698.014    86.755   -84.00   52.11
 -11412.756    65.723   -73.73   45.00
 -11127.520    52.426   -46.62   36.87
 -10842.305    47.342   -17.82   33.17
 -10557.111    50.211    10.06   39.20
 -10271.938    56.216    21.06   48.34
  -9985.207    64.170    27.74   53.50
  -9695.412    71.902    26.68   52.19
  -9405.639    82.620    36.99   47.47
  -9115.888    92.344    33.56   40.10
  -8826.159    99.843    25.88   36.62
  -8536.453   108.667    30.46   38.67
  -8246.768   125.181    57.01   46.76
  -7957.105   147.314    76.41   54.85
  -7667.465   170.223    79.10   60.78
  -7377.846   193.384    79.97   67.88
  -7088.249   213.949    71.01   68.90
  -6798.674   231.807    61.67   64.85
  -6509.122   249.986    62.78   60.70
  -6219.591   270.805    71.91   60.81
  -5930.082   291.239    70.58   60.69
  -5640.595   311.444    69.80   59.05
  -5351.130   331.987    70.97   53.34
  -5061.687   350.255    63.12   37.03
  -4772.266   359.090    30.53   27.27
  -4482.867   362.121    10.47   24.29
  -4193.490   358.007   -14.22   27.15
  -3904.135   350.843   -24.76   28.04
  -3614.802   344.821   -20.81   26.48
  -3325.491   340.971   -13.31   22.35
  -3036.201   338.466    -8.66   20.91
  -2746.934   336.565    -6.57   19.94
  -2457.688   335.216    -4.66   21.23
  -2168.464   334.702    -1.78   23.51
  -1879.263   325.378   -32.24   36.41
  -1590.083   301.057   -84.10   67.48
  -1300.925   258.673  -146.58  103.54
  -1011.789   203.475  -190.91  128.91
   -722.675   142.444  -211.10  131.40
   -433.582    84.396  -200.79  109.52
   -144.512    38.480  -158.84   74.56
    144.537     6.070  -112.13   29.35
    433.564    -5.086   -38.60   10.35
    722.568    -7.598    -8.69    1.00
   1011.552    -6.940     2.28    2.17
   1300.513    -6.753     0.65    2.20
   1589.452    -6.467     0.99    2.41
   1878.370    -6.491    -0.08    2.52
   2167.265    -6.528    -0.13    2.61
   2456.139    -6.202     1.13    2.86
   2744.991    -6.227    -0.09    2.97
   3033.822    -6.510    -0.98    2.56
   3322.630    -6.604    -0.33    2.48
   3611.417    -6.639    -0.12    2.14
   3900.182    -6.510     0.45    2.24
   4188.925    -6.467     0.15    2.37
   4477.646    -4.967     5.20   10.96
   4766.346    -0.063    16.99   24.81
   5055.023     5.067    17.77   31.02
   5343.679     8.973    13.53   31.56
   5632.314    18.688    33.66   38.70
   5920.926    24.420    19.86   41.40
   6209.517    29.227    16.66   43.48
   6498.086    32.757    12.23   44.58
   6786.633    31.215    -5.34   42.82
   7075.158    28.621    -8.99   36.60
   7363.662    28.804     0.63   32.71
   7652.144    33.485    16.23   32.48
   7940.605    41.833    28.94   36.98
   8229.043    57.017    52.64   45.99
   8517.460    72.761    54.59   49.75
   8805.855    86.690    48.30   51.11
   9094.229   101.216    50.37   52.27
   9382.580   110.309    31.53   52.36
   9670.910   114.309    13.87   52.00
   9959.219   112.879    -4.96   50.00
  10247.506   105.549   -25.42   48.23
  10535.771    97.490   -27.96   46.09
  10824.014    88.032   -32.82   43.43
  11112.236    81.711   -21.93   38.11
  11400.436    76.795   -17.06   35.32
  11688.614    76.060    -2.55   31.61
  11976.771    80.707    16.12   32.44
  12264.906    87.365    23.11   37.56
  12553.019    95.902    29.63   41.83
  12841.111   103.557    26.57   43.36
  13129.181   109.640    21.12   42.33
  13417.230   116.287    23.08   40.29
  13705.257   121.841    19.28   39.72
  13993.262   121.499    -1.19   40.27
  14281.246   120.804    -2.41   40.24
  14569.208   122.331     5.30   41.66
  14857.148   130.164    27.20   46.57
  15145.067   143.426    46.06   56.78
  15432.965   159.378    55.41   66.68
  15720.840   192.702   115.76   79.13
  16008.695   229.739   128.67   86.28
  16296.527   265.454   124.08   92.77
  16584.338   297.029   109.70   90.13
  16872.128   327.263   105.05   81.94
  17159.896   358.020   106.88   57.92
  17447.642   379.728    75.44   39.89
  17735.367   392.784    45.38   29.25
  18023.070   397.739    17.22   26.04
  18310.752   400.796    10.63   24.90
  18598.412   402.533     6.04   24.10
  18886.050   394.682   -27.29   36.08
  19173.668   385.504   -31.91   47.76
  19461.263   379.426   -21.13   50.07
  19748.837   372.194   -25.15   52.50
  20036.390   361.158   -38.38   53.47
  20323.921   344.816   -56.83   56.56
  20611.431   339.721   -17.72   53.60
  20898.919   340.962     4.32   52.28
  21186.385   340.792    -0.59   50.98
  21473.830   341.336     1.89   49.52
  21761.254   342.902     5.45   46.63
  22048.656   347.592    16.32   41.78
  22336.037   351.420    13.32   37.24
  22623.396   352.995     5.48   34.93
  22910.734   351.774    -4.25   32.40
  23198.050   348.514   -11.35   28.62
  23485.345   348.926     1.43   28.03
  23772.619   349.842     3.19   27.60
  24059.871   351.890     7.13   27.01
  24347.101   351.173    -2.50   23.65
  24634.311   350.867    -1.06   21.33
  24921.498   351.176     1.08   19.79
  25208.665   351.973     2.78   17.97
  25495.810   354.295     8.09   18.31
  25782.933   356.866     8.95   20.19
  26070.035   358.581     5.97   20.28
  26357.116   359.878     4.52   23.04
  26644.175   361.540     5.79   23.74
  26931.213   362.131     2.06   23.58
  27218.230   359.601    -8.82   24.52
  27505.225   350.926   -30.23   30.46
  27792.199   337.426   -47.04   36.85
  28079.151   325.914   -40.12   39.26
  28366.082   318.524   -25.76   39.42
  28652.992   314.986   -12.33   41.00
  28939.880   315.104     0.41   43.32
  29226.747   319.973    16.97   45.83
  29513.593   328.533    29.84   47.28
  29800.417   335.069    22.79   49.68
  30087.220   339.081    13.99   53.55
  30374.002   345.714    23.13   55.87
  30660.762   350.361    16.20   56.89
  30947.501   349.949    -1.44   56.28
  31234.219   347.473    -8.63   52.81
  31520.916   345.211    -7.89   48.98
  31807.591   343.608    -5.59   44.91
  32094.244   343.798     0.66   43.57
  32380.877   342.879    -3.20   40.28
  32667.488   342.490    -1.36   38.60
  32954.078   343.509     3.55   38.00
  33240.647   343.378    -0.46   37.16
  33527.194   342.408    -3.39   35.83
  33813.721   343.182     2.70   33.79
  34100.225   343.420     0.83   33.14
  34386.709   342.432    -3.45   31.25
  34673.171   341.414    -3.55   31.31
  34959.613   341.667     0.88   29.06
  35246.033   345.051    11.82   26.55
  35532.431   351.292    21.79   27.38
  35818.809   359.926    30.15   29.94
  36105.165   368.475    29.85   32.56
  36391.500   377.243    30.62   34.98
  36677.814   388.755    40.21   32.69
  36964.106   394.497    20.06   32.09
  37250.378   402.132    26.67   33.78
  37536.628   408.763    23.16   34.90
  37822.857   412.184    11.95   35.04
  38109.064   412.632     1.56   37.12
  38395.251   412.937     1.07   38.10
  38681.416   410.443    -8.72   41.88
  38967.561   401.843   -30.05   46.55
  39253.684   384.526   -60.52   49.72
  39539.786   363.302   -74.18   48.04
  39825.866   343.592   -68.89   45.89
  40111.926   324.854   -65.50   41.83
  40397.964   306.879   -62.84   36.75
  40683.981   289.716   -60.00   34.69
  40969.978   275.473   -49.80   33.60
  41255.953   264.938   -36.84   32.18
  41541.906   256.319   -30.14   30.05
  41827.839   250.926   -18.86   30.01
  42113.751   247.987   -10.28   32.59
  42399.641   244.275   -12.98   36.09
  42685.511   242.637    -5.73   37.51
  42971.359   244.987     8.22   39.76
  43257.186   245.408     1.47   44.76
  43542.992   248.026     9.16   46.90
  43828.777   249.109     3.79   47.43
  44114.541   249.336     0.79   46.97
  44400.284   250.950     5.65   45.37
  44686.005   251.536     2.05   43.98
  44971.706   246.804   -16.56   41.27
  45257.386   236.081   -37.54   40.45
  45543.044   222.688   -46.88   40.90
  45828.682   209.866   -44.89   45.12
  46114.298   199.220   -37.27   48.25
  46399.893   181.366   -62.51   53.23
  46685.468   158.973   -78.41   47.41
  46971.021   143.184   -55.29   42.55
  47256.553   134.384   -30.82   39.90
  47542.064   126.114   -28.97   40.52
  47827.555   117.711   -29.43   35.80
  48113.024   112.200   -19.31   33.02
  48398.472   105.504   -23.45   34.62
  48683.899    99.263   -21.87   34.61
  48969.305    91.495   -27.21   35.62
  49254.690    85.612   -20.62   34.79
  49540.054    81.021   -16.09   34.63
  49825.398    73.926   -24.86   33.85
  50110.720    65.095   -30.95   30.79
  50396.021    56.492   -30.15   27.84
  50681.301    47.792   -30.50   25.30
  50966.560    40.987   -23.85   23.68
  51251.799    35.757   -18.33   24.99
  51537.016    31.121   -16.25   25.33
  51822.212    26.613   -15.81   25.37
  52110.295    22.311   -14.93   23.63
  52400.081    17.986   -14.93   19.37
  52689.844    13.694   -14.81   11.98
  52979.585    10.792   -10.02    7.50
  53269.305     8.468    -8.02    5.38
  53559.002     6.769    -5.86    6.22
  53848.678     4.537    -7.70    7.08
  54138.332     1.950    -8.93    6.98
  54427.964    -0.874    -9.75    5.91
  54717.574    -3.168    -7.92    3.85
  55007.163    -4.451    -4.43    2.37
  55296.729    -4.945    -1.71    1.94
  55586.274    -4.800     0.50    1.86
  55875.797    -4.621     0.62    1.90
  56165.298    -4.419     0.70    1.86
  56454.777    -4.431    -0.04    2.01
  56744.234    -4.708    -0.96    2.14
  57033.670    -5.257    -1.90    2.19
  57323.084    -5.737    -1.66    2.14
  57612.476    -6.574    -2.89    1.60
  57901.846    -7.025    -1.56    1.45
  58191.195    -7.333    -1.06    1.36
  58480.521    -7.659    -1.13    1.18
  58769.826    -7.628     0.11    1.28
  59059.110    -7.170     1.58    1.80
  59348.371    -6.726     1.54    2.02
  59637.611    -6.321     1.40    2.03
  59926.829    -6.074     0.85    2.12
  60216.025    -6.201    -0.44    2.21
  60505.199    -6.362    -0.56    2.15
  60794.352    -6.753    -1.35    2.02
  61083.483    -6.947    -0.67    2.01
  61372.592    -7.110    -0.56    1.93
  61661.680    -6.717     1.36    2.16
  61950.745    -6.411     1.06    2.32
  62239.790    -6.123     1.00    2.31
  62528.812    -5.879     0.84    2.12
  62817.813    -5.659     0.76    2.08
  63106.792    -5.821    -0.56    2.07
  63395.749    -5.931    -0.38    1.90
  63684.685    -5.677     0.88    2.60
  63973.599    -5.574     0.35    2.64
  64262.491    -5.659    -0.30    2.57
  64551.361    -5.773    -0.39    2.50
  64840.210    -5.761     0.04    1.74
  65129.038    -5.312     1.55    1.85
  65417.843    -4.753     1.94    2.24
  65706.627    -4.392     1.25    2.25
  65995.390    -3.970     1.46    2.11
  66284.130    -3.787     0.63    2.45
  66572.849    -3.419     1.27    2.34
  66861.547    -3.545    -0.43    2.32
  67150.223    -3.874    -1.14    2.27
  67438.877    -3.586     1.00    2.94
  67727.509    -2.550     3.59    4.74
  68016.120    -1.580     3.36    5.21
  68304.710    -1.159     1.46    5.02
  68593.278    -1.172    -0.04    5.69
  68881.824    -1.196    -0.08    5.30
  69170.348    -1.403    -0.72    5.16
  69458.851    -1.905    -1.74    4.86
  69747.333    -2.387    -1.67    5.01
  70035.793    -2.830    -1.53    5.24
  70324.231    -1.854     3.38    5.13
  70612.648    -0.943     3.16    5.37
  70901.043    -0.681     0.91    6.05
  71189.417    -0.324     1.24    6.67
  71477.769    -1.016    -2.40    6.76
  71766.099    -1.568    -1.92    6.74
  72054.408    -1.933    -1.26    6.53
  72342.696    -1.958    -0.09    6.57
  72630.962    -1.633     1.13    6.95
  72919.206    -0.792     2.92    7.91
  73207.429     0.220     3.51    8.71
  73495.631     2.643     8.41    9.61
  73783.811     5.786    10.90   10.46
  74071.969     8.842    10.61   10.57
  74360.106    12.543    12.84   10.41
  74648.221    16.214    12.74   10.90
  74936.315    19.264    10.59   10.68
  75224.388    22.548    11.40   10.45
  75512.439    25.621    10.67    9.79
  75800.468    29.372    13.02    9.51
  76088.476    32.060     9.33    8.28
  76376.463    31.463    -2.07   10.41
  76664.428    28.711    -9.55   13.87
  76952.372    26.366    -8.14   16.17
  77240.294    23.526    -9.87   17.81
  77528.195    22.126    -4.86   19.50
  77816.074    20.878    -4.33   20.66
  78103.932    21.514     2.21   21.89
  78391.769    23.286     6.16   23.08
  78679.584    25.655     8.23   24.15
  78967.377    27.584     6.70   25.11
  79255.150    27.937     1.23   25.60
  79542.901    27.890    -0.16   25.51
  79830.630    26.170    -5.98   25.32
  80118.338    24.173    -6.94   24.79
  80406.025    21.975    -7.64   23.79
  80693.690    19.778    -7.64   22.65
  80981.334    17.176    -9.04   20.98
  81268.957    15.626    -5.39   19.57
  81556.558    14.670    -3.33   18.51
  81844.138    14.389    -0.98   17.76
  82131.696    13.890    -1.74   16.77
  82419.233    13.926     0.13   15.68
  82706.749    14.085     0.55   15.18
  82994.243    14.211     0.44   15.33
  83281.716    14.652     1.53   15.23
  83569.168    14.620    -0.11   14.96
  83856.599    13.973    -2.25   14.36
  84144.008    12.926    -3.64   12.70
  84431.395    12.737    -0.66   12.27
  84718.762    13.949     4.22   11.16
  85006.107    15.584     5.69   10.25
  85293.431    16.208     2.17   10.24
  85580.733    16.737     1.84   10.71
  85868.015    16.985     0.86   10.90
  86155.275    17.443     1.59   11.11
  86442.513    18.600     4.03   11.53
  86729.731    19.119     1.81   11.04
  87016.927    20.194     3.75   11.06
  87304.102    21.146     3.31   11.46
  87591.255    23.457     8.05   11.87
  87878.387    25.146     5.88   11.68
  88165.499    27.450     8.03   11.90
  88452.588    30.480    10.55   13.41
  88739.657    35.707    18.20   16.06
  89026.704    41.060    18.65   17.01
  89313.730    46.633    19.42   16.74
  89600.735    51.711    17.69   15.62
  89887.719    55.757    14.10   14.11
  90174.681    58.402     9.22   13.44
  90461.623    59.807     4.90   12.96
  90748.543    59.149    -2.29   14.63
  91035.441    58.090    -3.69   16.55
  91322.319    56.109    -6.91   17.96
  91609.175    54.512    -5.57   18.46
  91896.011    52.201    -8.05   18.48
  92182.825    49.102   -10.80   17.39
  92469.617    47.807    -4.52   15.54
  92756.389    47.032    -2.70   13.40
  93043.140    46.759    -0.95   11.37
  93329.869    46.673    -0.30    9.26
  93616.577    46.914     0.84    7.61
  93903.264    48.371     5.08    6.30
  94189.930    48.963     2.06    5.45
  94476.575    47.444    -5.30    5.61
  94763.198    45.805    -5.72    5.28
  95049.801    44.164    -5.73    6.27
  95336.382    41.408    -9.62    8.37
  95622.942    38.842    -8.95   10.80
  95909.481    36.365    -8.64   12.29
  96195.999    34.235    -7.43   12.15
  96482.496    33.146    -3.80   12.19
  96768.972    32.504    -2.24   12.39
  97055.426    33.283     2.72   13.76
  97341.860    34.232     3.31   16.78
  97628.272    35.164     3.25   19.13
  97914.664    35.985     2.87   21.73
  98201.034    35.397    -2.06   21.14
  98487.383    35.259    -0.48   22.18
  98773.711    33.367    -6.60   21.05
  99060.018    29.714   -12.76   14.45
  99346.304    25.438   -14.94    7.35
  99632.569    23.796    -5.73    5.56
  99918.813    25.581     6.23   12.43
 100205.036    28.902    11.60   17.75
 100491.238    34.211    18.55   22.00
 100777.419    39.268    17.67   24.80
 101063.578    47.121    27.44   27.63
 101349.717    56.670    33.37   29.33
 101635.835    68.420    41.06   30.92
 101921.931    84.926    57.69   33.76
 102208.007   105.601    72.27   40.56
 102494.062   125.439    69.34   45.34
 102780.095   138.089    44.22   45.91
 103066.108   143.877    20.24   42.88
 103352.100   148.292    15.43   40.60
 103638.070   149.780     5.20   38.32
 103924.020   144.109   -19.83   34.17
 104209.949   137.215   -24.11   25.90
 104495.856   132.021   -18.17   21.52
 104781.743   131.104    -3.21   25.28
 105067.609   132.485     4.83   30.25
 105353.454   134.890     8.41   34.12
 105639.278   139.239    15.21   37.18
 105925.080   138.326    -3.19   34.82
 106210.862   137.489    -2.93   31.32
 106496.623   136.360    -3.95   26.27
 106782.364   132.805   -12.44   22.41
 107068.083   127.526   -18.48   20.26
 107353.781   121.414   -21.39   19.70
 107639.458   114.711   -23.46   19.78
 107925.115   108.131   -23.04   20.27
 108210.750   103.143   -17.46   20.69
 108496.365    99.560   -12.54   19.36
 108781.958    99.121    -1.54   20.92
 109067.531   103.633    15.80   26.53
 109353.083   110.014    22.34   31.71
 109638.614   121.051    38.65   34.54
 109924.124   134.689    47.76   32.33
 110209.613   146.646    41.88   29.94
 110495.082   160.540    48.67   26.12
 110780.529   174.085    47.44   27.07
 111065.956   186.304    42.81   30.00
 111351.362   195.658    32.77   29.56
 111636.747   201.759    21.38   25.64
 111922.111   204.569     9.84   22.54
 112207.454   203.685    -3.10   23.37
 112492.776   196.450   -25.36   28.70
 112778.078   185.661   -37.81   32.51
 113063.359   175.090   -37.05   28.90
 113348.619   172.135   -10.36   27.41
 113633.858   172.753     2.17   26.58
 113919.076   176.549    13.31   26.20
 114208.530   181.437    16.89   24.83
 114498.306   186.102    16.10   22.69
 114788.060   190.456    15.02   19.60
 115077.793   190.239    -0.75   20.21
 115367.504   189.768    -1.63   21.28
 115657.194   191.939     7.49   28.48
 115946.861   201.516    33.06   43.52
 116236.508   214.552    45.00   58.20
 116526.132   233.128    64.13   66.29
 116815.734   263.133   103.60   65.39
 117105.315   287.572    84.39   61.80
 117394.875   307.185    67.73   50.37
 117684.412   321.119    48.12   36.97
 117973.928   329.271    28.16   28.56
 118263.423   336.200    23.93   23.71
 118552.895   342.123    20.46   23.38
 118842.346   344.787     9.20   25.90
 119131.776   347.867    10.64   26.46
 119421.183   353.985    21.14   24.87
 119710.570   356.902    10.08   22.37
 119999.934   359.521     9.05   21.40
 120289.277   358.926    -2.06   19.92
 120578.598   358.988     0.21   18.19
 120867.898   358.499    -1.69   17.98
 121157.176   355.564   -10.14   17.89
 121446.432   352.070   -12.08   17.85
 121735.667   348.830   -11.20   17.24
 122024.880   344.950   -13.41   15.99
 122314.072   340.865   -14.13   15.63
 122603.242   337.060   -13.16   14.26
 122892.390   333.609   -11.93   15.35
 123181.517   330.652   -10.23   15.72
 123470.623   327.426   -11.16   14.74
 123759.706   325.577    -6.40   14.75
 124048.769   324.808    -2.66   13.75
 124337.809   324.620    -0.65   13.11
 124626.828   324.123    -1.72   11.94
 124915.826   322.497    -5.63   12.63
 125204.802   320.235    -7.83   14.50
 125493.757   320.121    -0.39   15.08
 125782.690   320.346     0.78   16.26
 126071.601   322.463     7.33   18.71
 126360.491   326.743    14.82   21.32
 126649.359   334.176    25.73   21.19
 126938.206   341.143    24.12   18.09
 127227.032   345.239    14.18   18.27
 127515.836   350.630    18.66   19.80
 127804.618   353.987    11.62   20.01
 128093.379   356.323     8.09   24.27
 128382.119   365.164    30.61   33.00
 128670.837   377.438    42.51   43.86
 128959.533   397.914    70.92   59.50
 129248.208   419.808    75.83   69.98
 129536.862   443.167    80.91   76.32
 129825.494   473.220   104.11   75.46
 130114.105   502.842   102.62   71.42
 130402.694   532.878   104.07   66.04
 130691.262   557.058    83.78   64.74
 130979.808   575.604    64.27   63.20
 131268.333   598.475    79.26   63.82
 131556.837   624.938    91.72   66.95
 131845.319   648.155    80.47   61.62
 132133.780   670.170    76.31   56.12
 132422.219   693.414    80.58   56.41
 132710.637   723.109   102.95   66.07
 132999.033   754.185   107.74   74.79
 133287.409   789.729   123.24   85.39
 133575.762   835.176   157.59   99.10
 133864.095   885.949   176.07  106.54
 134152.406   934.807   169.44   98.47
 134440.695   976.279   143.84   84.92
 134728.963  1010.667   119.28   66.28
 135017.210  1040.879   104.80   57.43
 135305.436  1065.973    87.06   62.12
 135593.640  1080.009    48.69   67.88
 135881.823  1091.271    39.07   73.22
 136169.984  1104.700    46.60   77.99
 136458.124  1114.271    33.21   80.49
 136746.243  1117.999    12.94   78.05
 137034.340  1114.630   -11.69   69.71
 137322.416  1110.729   -13.54   59.89
 137610.471  1110.114    -2.13   52.96
 137898.505  1105.089   -17.44   56.63
 138186.517  1101.426   -12.71   60.46
 138474.508  1103.255     6.35   62.98
 138762.477  1112.000    30.36   69.10
 139050.425  1135.572    81.85   73.51
 139338.352  1154.533    65.84   71.99
 139626.258  1168.640    48.99   69.36
 139914.143  1183.795    52.64   62.53
 140202.006  1193.259    32.87   58.74
 140489.848  1200.289    24.42   58.16
 140777.668  1195.164   -17.80   70.24
 141065.467  1173.676   -74.65   94.19
 141353.246  1162.759   -37.93  102.51
 141641.002  1159.757   -10.43  103.60
 141928.738  1169.536    33.98  104.07
 142216.452  1187.827    63.57  106.52
 142504.145  1206.214    63.90  101.89
 142791.817  1220.309    48.99   97.11
 143079.468  1246.609    91.42   87.47
 143367.097  1256.609    34.76   83.40
 143654.706  1257.901     4.49   90.61
 143942.293  1245.964   -41.50  106.77
 144229.858  1220.060   -90.07  131.89
 144517.403  1196.272   -82.72  145.03
 144804.926  1171.926   -84.66  153.38
 145092.429  1156.697   -52.96  150.46
 145379.910  1144.042   -44.02  148.64
 145667.369  1138.235   -20.20  147.16
 145954.808  1135.432    -9.75  144.31
 146242.226  1132.996    -8.47  137.54
 146529.622  1136.126    10.89  131.88
 146816.997  1154.243    63.04  130.37
 147104.351  1170.592    56.89  118.34
 147391.684  1185.176    50.75  103.32
 147678.996  1183.759    -4.93  101.12
 147966.286  1154.597  -101.49  129.07
 148253.556  1098.790  -194.24  159.02
 148540.804  1042.346  -196.47  145.65
 148828.031   997.487  -156.16  120.12
 149115.237   960.926  -127.28   98.31
 149402.422   951.048   -34.39   91.58
 149689.586   979.353    98.55   99.54
 149976.729  1020.133   142.00  103.08
 150263.850  1062.938   149.06  111.83
 150550.951  1096.037   115.27  127.82
 150838.030  1136.889   142.28  140.38
 151125.089  1184.450   165.66  137.72
 151412.126  1210.396    90.38  126.72
 151699.142  1223.604    46.01  118.27
 151986.137  1236.521    45.00  114.07
 152273.111  1252.984    57.36  115.79
 152560.064  1264.216    39.14  114.96
 152846.996  1265.996     6.20  108.96
 153133.907  1266.771     2.70   93.82
 153420.797  1269.601     9.86   81.73
 153707.666  1259.191   -36.28   92.15
 153994.513  1228.569  -106.74  113.98
 154281.340  1197.119  -109.63  130.69
 154568.146  1167.987  -101.56  145.89
 154854.931  1132.231  -124.66  156.55
 155141.694  1086.506  -159.43  151.27
 155428.437  1051.989  -120.36  141.98
 155715.158  1025.126   -93.68  137.07
 156001.859   984.521  -141.61  125.06
 156288.539   939.109  -158.39  119.84
 156575.197   895.716  -151.35  119.38
 156861.835   847.395  -168.56  119.08
 157148.451   803.480  -153.20  108.44
 157435.047   759.384  -153.84   93.02
 157721.622   725.685  -117.58   74.20
 158008.176   715.223   -36.50   64.80
 158294.708   716.414     4.15   79.61
 158581.220   726.151    33.98   99.98
 158867.711   745.389    67.14  114.10
 159154.181   771.366    90.67  119.76
 159440.630   798.616    95.12  112.31
 159727.058   826.155    96.13  111.98
 160013.465   847.745    75.37  115.40
 160299.851   872.057    84.88  115.52
 160586.216   902.661   106.86  106.39
 160872.560   929.000    91.97  101.38
 161158.884   951.116    77.23  105.69
 161445.186   976.389    88.26  112.16
 161731.468   995.976    68.41  113.84
 162017.728  1008.938    45.28  114.82
 162303.968  1022.601    47.72  109.33
 162590.187  1041.816    67.13   99.61
 162876.385  1061.414    68.47   91.58
 163162.562  1081.827    71.32  101.15
 163448.718  1108.769    94.14  126.48
 163734.853  1147.133   134.06  151.20
 164020.968  1190.771   152.50  168.88
 164307.061  1230.805   139.91  180.51
 164593.134  1270.769   139.68  182.25
 164879.186  1310.996   140.61  174.20
 165165.217  1337.751    93.52  166.57
 165451.227  1365.425    96.75  145.69
 165737.217  1382.302    59.00  126.76
 166023.185  1396.010    47.93  111.37
 166309.133  1401.140    17.94   99.51
 166595.060  1410.396    32.37  100.36
 166880.966  1409.676    -2.52  105.58
 167166.851  1412.552    10.06  109.51
 167452.715  1428.284    55.02  111.00
 167738.559  1449.173    73.07  100.76
 168024.382  1455.364    21.66   91.43
 168310.184  1440.464   -52.13   98.00
 168595.965  1408.414  -112.13  109.59
 168881.725  1373.601  -121.81  127.86
 169167.465  1338.002  -124.57  148.90
 169453.184  1307.711  -106.00  153.61
 169738.882  1281.670   -91.14  151.15
 170024.559  1254.048   -96.67  147.92
 170310.216  1231.287   -79.67  141.53
 170595.852  1215.384   -55.67  137.83
 170881.467  1196.342   -66.66  131.61
 171167.061  1161.628  -121.53  132.67
 171452.634  1117.673  -153.90  138.24
 171738.187  1062.043  -194.78  148.39
 172023.719  1012.643  -172.98  144.55
 172309.231   974.425  -133.84  123.62
 172594.721   954.314   -70.44   98.03
 172880.191   960.986    23.37   99.91
 173165.640   993.652   114.42  125.87
 173451.069  1042.426   170.85  136.89
 173736.477  1085.769   151.84  118.66
 174021.864  1116.609   108.05   87.22
 174307.230  1125.133    29.87   74.16
 174592.576  1100.499   -86.32   96.88
 174877.901  1047.438  -185.94  123.37
 175163.205   986.524  -213.47  130.99
 175448.489   942.194  -155.36  125.83
 175733.752   913.976   -98.90  114.56
 176020.036   903.489   -36.63  100.18
 176309.813   916.015    43.22  102.43
 176599.568   950.334   118.42  120.85
 176889.302   987.194   127.20  116.78
 177179.014  1023.548   125.46   91.45
 177468.704  1050.950    94.58   76.57
 177758.373  1065.655    50.76   79.04
 178048.021  1066.632     3.37   92.45
 178337.647  1046.817   -68.40   99.88
 178627.251  1029.295   -60.50  109.36
 178916.834  1017.008   -42.42  117.04
 179206.395  1002.625   -49.66  111.33
 179495.935   981.699   -72.26   93.10
 179785.454   960.608   -72.83   76.06
 180074.951   940.323   -70.06   68.95
 180364.426   922.517   -61.50   68.20
 180653.880   896.757   -88.98   78.33
 180943.312   860.403  -125.58   90.01
