#    2.174 -27.577  68.221 ;Mean Elev.(m), Avg Gradient(m/km), RMS Gradient(m/km) - SRTM1     
#   11.025 -27.288  67.633 ;Mean Elev.(m), Avg Gradient(m/km), RMS Gradient(m/km) - ASTER GDEM
#   33.049 -29.221  72.477 ;Mean Elev.(m), Avg Gradient(m/km), RMS Gradient(m/km) - GMTED2010 
   1   137.423 54668.68974438  6.77 236.648978  46.174461 19.743  270.01  271.51  270.73
   1   137.664 54668.68974497  7.61 236.651057  46.176668 24.562  270.01  271.51  270.73
   3   -44.958 54688.52103110 20.38 236.645567  46.174448  8.192  266.85  268.42  268.18
   3   -22.453 54688.52103169 16.93 236.647645  46.176655  6.459 -100.00 -100.00 -100.00
   3   -20.894 54688.52103228 18.11 236.649724  46.178862  5.465 -100.00 -100.00 -100.00
   5   -14.982 54708.35231514 10.97 236.650810  46.174733  2.518  261.90  262.12  263.62
   5   -14.141 54708.35231573 11.06 236.652888  46.176941  2.367 -100.00 -100.00 -100.00
   7   -12.305 54728.18361518 20.37 236.648477  46.173087  4.294  266.50  266.99  268.02
   7   -12.482 54728.18361577 20.31 236.650556  46.175294  4.368 -100.00 -100.00 -100.00
   7   -12.784 54728.18361636 20.62 236.652635  46.177501  4.436 -100.00 -100.00 -100.00
   9   137.436 54748.01491085  8.13 236.645739  46.176601 23.155 -100.00 -100.00 -100.00
   9   138.081 54748.01491144  5.50 236.647818  46.178808 13.206 -100.00 -100.00 -100.00
   9   138.005 54748.01491203 10.90 236.649897  46.181015 23.981 -100.00 -100.00 -100.00
  17     1.227 54827.34004645 27.74 236.647583  46.172839 18.963 -100.00 -100.00 -100.00
  17     1.075 54827.34004704 26.33 236.649662  46.175046 18.309 -100.00 -100.00 -100.00
  17     0.528 54827.34004763 27.55 236.651741  46.177254 24.254 -100.00 -100.00 -100.00
  18     2.482 54837.25568521 46.05 236.644902  46.173201 23.891 -100.00 -100.00 -100.00
  18     2.319 54837.25568580 47.10 236.646981  46.175409 26.734 -100.00 -100.00 -100.00
  18     2.109 54837.25568639 51.56 236.649060  46.177616   -100 -100.00 -100.00 -100.00
  18     2.060 54837.25568698 53.43 236.651140  46.179824  8.940 -100.00 -100.00 -100.00
  19     1.760 54847.17133499 32.13 236.643475  46.176144 24.566 -100.00 -100.00 -100.00
  19     1.590 54847.17133558 28.09 236.645554  46.178352 19.721 -100.00 -100.00 -100.00
  19     1.395 54847.17133617 23.50 236.647634  46.180559 10.000 -100.00 -100.00 -100.00
  20     1.295 54857.08698412 49.32 236.641867  46.177982   -100  255.40  255.92  258.21
  20     1.330 54857.08698471 48.09 236.643946  46.180189   -100  255.40  255.92  258.21
  20     1.315 54857.08698530 51.86 236.646025  46.182397   -100  255.40  255.92  258.21
  21     0.446 54867.00263324 47.23 236.640614  46.178895   -100 -100.00 -100.00 -100.00
  21     0.521 54867.00263383 45.73 236.642693  46.181103   -100 -100.00 -100.00 -100.00
  21     0.383 54867.00263442 46.29 236.644773  46.183311   -100 -100.00 -100.00 -100.00
  22     0.853 54876.91828198 26.19 236.641624  46.179663 14.222  258.60  259.09  261.26
  22     0.587 54876.91828257 24.74 236.643704  46.181871 11.789  258.60  259.09  261.26
  22     0.573 54876.91828316 23.06 236.645783  46.184078  9.780  258.60  259.09  261.26
  23     2.261 54886.83392710 31.65 236.642135  46.177427 23.179 -100.00 -100.00 -100.00
  23     2.227 54886.83392769 25.53 236.644214  46.179634 12.564 -100.00 -100.00 -100.00
  23     2.108 54886.83392828 23.37 236.646294  46.181842  8.277 -100.00 -100.00 -100.00
  24     2.200 54896.74956913 32.92 236.643710  46.176768 29.922  255.50  255.43  257.95
  24     2.131 54896.74956972 25.56 236.645790  46.178975  9.722  255.50  255.43  257.95
  24     1.891 54896.74957031 23.68 236.647869  46.181183  7.794  255.50  255.43  257.95
  25     1.702 54906.66520858 31.28 236.645052  46.177510 24.257  254.52  254.74  256.90
  25     1.506 54906.66520917 26.55 236.647132  46.179717 11.487  254.52  254.74  256.90
  25     1.109 54906.66520976 25.40 236.649212  46.181925 13.270  254.52  254.74  256.90
  26     1.143 54916.58084609 36.26 236.644133  46.176258   -100  254.50  255.06  256.64
  26     1.041 54916.58084668 32.36 236.646213  46.178466 24.498  254.50  255.06  256.64
  26     0.970 54916.58084727 30.38 236.648293  46.180674 18.249  254.50  255.06  256.64
  27     1.028 54926.49648368 47.21 236.644895  46.176091   -100 -100.00 -100.00 -100.00
  27     0.862 54926.49648427 43.69 236.646974  46.178298   -100 -100.00 -100.00 -100.00
  27     1.007 54926.49648486 40.33 236.649054  46.180506   -100 -100.00 -100.00 -100.00
  28     1.668 54936.41212044 30.02 236.646348  46.174612 19.306 -100.00 -100.00 -100.00
  28     1.369 54936.41212103 30.67 236.648427  46.176819 25.126 -100.00 -100.00 -100.00
  28     1.336 54936.41212162 25.07 236.650506  46.179027 13.134 -100.00 -100.00 -100.00
  29     2.099 54946.32775572 30.24 236.650407  46.173996 22.693 -100.00 -100.00 -100.00
  29     1.892 54946.32775631 28.28 236.652486  46.176203 20.703 -100.00 -100.00 -100.00
  33     1.779 54985.99033195 41.93 236.647673  46.173104   -100  278.04  279.31  280.07
  33     1.640 54985.99033254 36.39 236.649752  46.175311   -100  278.04  279.31  280.07
  33     1.266 54985.99033313 34.29 236.651831  46.177519   -100  278.04  279.31  280.07
  34   -11.958 54995.90597987 10.74 236.646473  46.173608  4.425  275.75  277.16  276.96
  34   -11.966 54995.90598046 10.39 236.648552  46.175815  4.039  275.75  277.16  276.96
  34   -11.919 54995.90598105 11.75 236.650631  46.178023  5.237  275.75  277.16  276.96
  35     0.877 55005.82162588 44.02 236.644608  46.172739   -100  275.75  275.79  275.91
  35     0.720 55005.82162647 38.65 236.646687  46.174947 28.329  275.75  275.79  275.91
  35     0.623 55005.82162706 35.17 236.648766  46.177154 18.926  275.75  275.79  275.91
  35     0.733 55005.82162765 36.65 236.650845  46.179362 24.332  275.75  275.79  275.91
  36     0.913 55015.73727041 36.20 236.645356  46.174962   -100 -100.00 -100.00 -100.00
  36     0.816 55015.73727100 31.04 236.647435  46.177169   -100 -100.00 -100.00 -100.00
  36     0.943 55015.73727159 25.10 236.649515  46.179377 16.203 -100.00 -100.00 -100.00
  37     1.498 55025.65291305 34.15 236.644516  46.175926   -100 -100.00 -100.00 -100.00
  37     1.410 55025.65291364 28.02 236.646595  46.178133 26.746 -100.00 -100.00 -100.00
  37     1.221 55025.65291423 21.32 236.648675  46.180341  8.331 -100.00 -100.00 -100.00
  38     1.329 55035.56855524 30.45 236.644248  46.177562   -100  266.27  267.55  268.02
  38     1.227 55035.56855583 22.47 236.646327  46.179770 11.043  266.27  267.55  268.02
  38     0.699 55035.56855642 22.84 236.648406  46.181977 14.510 -100.00 -100.00 -100.00
  39     0.764 55045.48419634 31.43 236.645124  46.177230   -100 -100.00 -100.00 -100.00
  39     0.727 55045.48419693 24.49 236.647203  46.179438 20.757 -100.00 -100.00 -100.00
  39     0.516 55045.48419752 22.70 236.649282  46.181645 13.061 -100.00 -100.00 -100.00
  40     0.575 55055.39983533 39.02 236.647476  46.174557   -100  269.48  271.86  270.85
  40     0.681 55055.39983592 30.56 236.649555  46.176764 23.953  269.48  271.86  270.85
  40     0.542 55055.39983651 33.28 236.651634  46.178971   -100  269.48  271.86  270.85
  43     2.100 55085.14676795 47.06 236.647640  46.173293   -100 -100.00 -100.00 -100.00
  43     1.829 55085.14676854 44.58 236.649718  46.175500   -100 -100.00 -100.00 -100.00
  43     1.748 55085.14676913 47.22 236.651798  46.177707   -100 -100.00 -100.00 -100.00
  44     2.014 55095.06241426 35.99 236.644345  46.174061   -100 -100.00 -100.00 -100.00
  44     1.328 55095.06241485 30.20 236.646424  46.176268 20.511 -100.00 -100.00 -100.00
  44     1.752 55095.06241544 25.42 236.648503  46.178475 11.327 -100.00 -100.00 -100.00
  44     1.187 55095.06241603 23.85 236.650582  46.180683  8.473 -100.00 -100.00 -100.00
  45     1.033 55104.97806094 32.81 236.644396  46.175737   -100 -100.00 -100.00 -100.00
  45     0.824 55104.97806153 28.98 236.646475  46.177944   -100 -100.00 -100.00 -100.00
  45     0.802 55104.97806212 22.04 236.648554  46.180151 12.063 -100.00 -100.00 -100.00
  46     0.810 55114.89370706 34.16 236.644673  46.175327   -100  268.48  269.02  270.12
  46     0.754 55114.89370765 29.40 236.646752  46.177534   -100  268.48  269.02  270.12
  46     0.619 55114.89370824 22.46 236.648831  46.179742 15.254 -100.00 -100.00 -100.00
  47     1.438 55124.80935059 33.31 236.645464  46.173770   -100  267.15  267.81  267.82
  47     0.841 55124.80935118 32.15 236.647543  46.175977   -100  267.15  267.81  267.82
  47     0.874 55124.80935177 26.83 236.649622  46.178185 21.485 -100.00 -100.00 -100.00
  47     0.719 55124.80935236 19.69 236.651702  46.180392  8.226 -100.00 -100.00 -100.00
  48     2.027 55134.72499166 42.16 236.647133  46.173546 28.394  265.66  266.72  267.39
  48     1.756 55134.72499225 45.24 236.649213  46.175754   -100  265.66  266.72  267.39
  48     1.680 55134.72499284 48.00 236.651292  46.177961   -100  265.66  266.72  267.39
  49     2.399 55144.64063037 30.64 236.647787  46.173481 25.136 -100.00 -100.00 -100.00
  49     1.158 55144.64063096 29.45 236.649866  46.175689 24.460 -100.00 -100.00 -100.00
  49     1.399 55144.64063155 27.02 236.651945  46.177896 19.618 -100.00 -100.00 -100.00
  50     2.380 55154.55626803 31.03 236.646817  46.173089 19.717 -100.00 -100.00 -100.00
  50     1.924 55154.55626862 30.04 236.648897  46.175296 17.145 -100.00 -100.00 -100.00
  50     1.420 55154.55626921 29.17 236.650976  46.177504 18.970 -100.00 -100.00 -100.00
  51     1.012 55164.47190614 44.88 236.647187  46.173308   -100  259.84  260.71  261.89
  51     0.682 55164.47190673 41.96 236.649266  46.175516 29.927  259.84  260.71  261.89
  51     0.805 55164.47190732 40.08 236.651345  46.177723 23.289  259.84  260.71  261.89
  52     0.585 55174.38754405 34.66 236.648568  46.173181   -100  249.20  248.42  250.60
  52     0.620 55174.38754464 31.68 236.650647  46.175388 28.101  249.20  248.42  250.60
  52     0.133 55174.38754523 28.94 236.652726  46.177596 21.285  249.20  248.42  250.60
  54     0.963 55194.21883408 34.61 236.647328  46.173060   -100 -100.00 -100.00 -100.00
  54     0.588 55194.21883467 30.20 236.649407  46.175268 23.532 -100.00 -100.00 -100.00
  54     0.434 55194.21883526 28.83 236.651486  46.177475 23.177 -100.00 -100.00 -100.00
  55     1.479 55204.13448432 31.74 236.644894  46.175986 27.332 -100.00 -100.00 -100.00
  55     1.037 55204.13448491 31.58 236.646974  46.178194   -100 -100.00 -100.00 -100.00
  55     1.355 55204.13448550 25.04 236.649053  46.180401 13.161 -100.00 -100.00 -100.00
  56     1.880 55214.05013382 34.43 236.642369  46.177840 25.506  258.15  259.95  261.96
  56     1.848 55214.05013441 28.20 236.644448  46.180048 15.534  258.15  259.95  261.96
  56     1.464 55214.05013500 26.96 236.646527  46.182256 13.438  258.15  259.95  261.96
  57     1.508 55223.96578309 27.95 236.642539  46.179364 12.986  261.37  262.41  264.49
  57     1.085 55223.96578368 29.67 236.644618  46.181572 18.224  261.37  262.41  264.49
  57     1.077 55223.96578427 25.71 236.646698  46.183780 11.605  261.37  262.41  264.49
  58     1.266 55233.88143024 48.26 236.643258  46.177955   -100 -100.00 -100.00 -100.00
  58     1.481 55233.88143083 49.39 236.645338  46.180163   -100 -100.00 -100.00 -100.00
  58     1.336 55233.88143142 50.20 236.647417  46.182371   -100 -100.00 -100.00 -100.00
  59     0.883 55243.79707400 38.36 236.645069  46.175402   -100  262.28  262.39  264.46
  59     0.841 55243.79707459 40.86 236.647149  46.177609   -100  262.28  262.39  264.46
  59     0.722 55243.79707518 41.02 236.649228  46.179817   -100  262.28  262.39  264.46
  60     1.760 55253.71271475 30.12 236.645834  46.174423 18.308  260.38  261.72  262.91
  60     1.003 55253.71271534 33.05 236.647913  46.176631   -100  260.38  261.72  262.91
  60     1.301 55253.71271593 25.60 236.649993  46.178839 11.957  260.38  261.72  262.91
  61     2.108 55263.62835321 39.04 236.643999  46.174229   -100  254.58  254.11  256.76
  61     1.794 55263.62835380 35.02 236.646078  46.176436   -100  254.58  254.11  256.76
  61     1.716 55263.62835439 26.21 236.648158  46.178644 18.595  254.58  254.11  256.76
  61     1.696 55263.62835498 23.01 236.650238  46.180852 11.440  254.58  254.11  256.76
  62     1.912 55273.54399141 48.39 236.645025  46.177284   -100  255.33  254.65  258.32
  62     1.981 55273.54399200 48.32 236.647105  46.179491  4.008  255.33  254.65  258.32
  62     1.759 55273.54399259 44.68 236.649185  46.181699   -100  255.33  254.65  258.32
  63     2.423 55283.45962805 34.95 236.644521  46.175011 24.641  260.02  260.60  262.71
  63     1.502 55283.45962864 31.66 236.646600  46.177218 19.952  260.02  260.60  262.71
  63     2.137 55283.45962923 28.46 236.648679  46.179426 13.918  260.02  260.60  262.71
  63     2.131 55283.45962982 24.65 236.650759  46.181633  6.250  260.02  260.60  262.71
  64     1.686 55293.37526367 47.15 236.647867  46.172828 29.690 -100.00 -100.00 -100.00
  64     1.238 55293.37526426 49.45 236.649946  46.175035   -100 -100.00 -100.00 -100.00
  64     1.307 55293.37526485 48.32 236.652025  46.177243   -100 -100.00 -100.00 -100.00
  68     1.981 55333.03783702 26.74 236.646946  46.173658 16.352  272.11  273.57  273.95
  68     1.467 55333.03783762 30.12 236.649025  46.175865 31.892  272.11  273.57  273.95
  68     1.375 55333.03783821 25.63 236.651104  46.178073 16.965  272.11  273.57  273.95
  69     2.257 55342.95348110 30.12 236.644908  46.173954 21.333 -100.00 -100.00 -100.00
  69     1.974 55342.95348169 31.52 236.646987  46.176162 28.262 -100.00 -100.00 -100.00
  69     1.388 55342.95348228 26.24 236.649066  46.178369 16.794 -100.00 -100.00 -100.00
  69     1.868 55342.95348288 21.75 236.651145  46.180576  7.752 -100.00 -100.00 -100.00
  70     1.833 55352.86912497 33.04 236.645097  46.173761 17.355 -100.00 -100.00 -100.00
  70     1.324 55352.86912556 29.74 236.647176  46.175968 13.269 -100.00 -100.00 -100.00
  70     1.421 55352.86912615 28.25 236.649255  46.178176 11.743 -100.00 -100.00 -100.00
  70     0.996 55352.86912674 24.41 236.651335  46.180383  5.142 -100.00 -100.00 -100.00
  71     1.029 55362.78476645 36.76 236.645293  46.172516   -100  265.37  265.71  265.63
  71     1.265 55362.78476704 33.61 236.647372  46.174724   -100 -100.00 -100.00 -100.00
  71     1.047 55362.78476763 29.63 236.649451  46.176931 27.524 -100.00 -100.00 -100.00
  71     0.942 55362.78476822 23.48 236.651530  46.179139 12.016 -100.00 -100.00 -100.00
  72     0.883 55372.70040667 35.61 236.647504  46.174450   -100  267.15  267.82  268.16
  72     0.583 55372.70040726 33.11 236.649583  46.176658   -100  267.15  267.82  268.16
  72     0.311 55372.70040785 30.67 236.651662  46.178865   -100  267.15  267.82  268.16
  73     1.420 55382.61604449 40.96 236.645847  46.173248   -100  265.94  267.26  266.84
  73     1.185 55382.61604508 30.46 236.647926  46.175456 30.400  265.94  267.26  266.84
  73     0.753 55382.61604567 29.16 236.650005  46.177663   -100  265.94  267.26  266.84
  73     0.732 55382.61604626 24.27 236.652084  46.179870 20.211 -100.00 -100.00 -100.00
  74     2.726 55392.53168203 29.45 236.646496  46.174059 24.502 -100.00 -100.00 -100.00
  74     2.008 55392.53168262 30.37 236.648575  46.176266 30.373 -100.00 -100.00 -100.00
  74     2.017 55392.53168321 24.64 236.650653  46.178474 18.068 -100.00 -100.00 -100.00
  75     2.177 55402.44731823 27.29 236.650040  46.174615 19.630  267.35  268.77  268.62
  75     1.639 55402.44731882 27.83 236.652118  46.176822 22.681 -100.00 -100.00 -100.00
  76     0.747 55412.36296951 29.43 236.651587  46.175203   -100 -100.00 -100.00 -100.00
  76     0.450 55412.36297010 29.55 236.653666  46.177410   -100 -100.00 -100.00 -100.00
  79     2.774 55442.10990914 41.21 236.646921  46.172977 23.085 -100.00 -100.00 -100.00
  79     2.270 55442.10990973 34.81 236.649000  46.175184 21.489 -100.00 -100.00 -100.00
  79     1.735 55442.10991032 34.40 236.651079  46.177392 24.320 -100.00 -100.00 -100.00
  80     2.505 55452.02555252 40.34 236.644405  46.174281   -100 -100.00 -100.00 -100.00
  80     1.755 55452.02555311 30.57 236.646484  46.176488 29.588 -100.00 -100.00 -100.00
  80     2.197 55452.02555370 25.47 236.648563  46.178696 16.356 -100.00 -100.00 -100.00
  80     2.605 55452.02555429 25.67 236.650642  46.180903 17.494 -100.00 -100.00 -100.00
  81     2.315 55461.94119551 33.41 236.645019  46.175742   -100 -100.00 -100.00 -100.00
  81     1.632 55461.94119610 27.46 236.647098  46.177949 25.761 -100.00 -100.00 -100.00
  81     1.940 55461.94119669 21.05 236.649177  46.180157  9.802 -100.00 -100.00 -100.00
  82     1.403 55471.85683664 34.70 236.647582  46.174721   -100 -100.00 -100.00 -100.00
  82     1.292 55471.85683723 29.17 236.649661  46.176928 28.652 -100.00 -100.00 -100.00
  82     0.908 55471.85683782 22.45 236.651740  46.179135 13.955 -100.00 -100.00 -100.00
  87     2.197 55521.43503738 43.45 236.645700  46.172655   -100  253.43  252.75  255.37
  87     1.987 55521.43503797 38.05 236.647779  46.174862   -100  253.43  252.75  255.37
  87     2.187 55521.43503856 40.64 236.649858  46.177070  7.183  253.43  252.75  255.37
  87     2.331 55521.43503915 42.95 236.651937  46.179277   -100  253.43  252.75  255.37
  88     2.097 55531.35068584 47.46 236.645230  46.174077 25.514  258.84  259.74  261.61
  88     1.753 55531.35068643 51.05 236.647309  46.176285   -100  258.84  259.74  261.61
  88     1.639 55531.35068702 55.19 236.649388  46.178492   -100  258.84  259.74  261.61
  88     1.707 55531.35068761 51.88 236.651467  46.180700  7.833  258.84  259.74  261.61
  89     1.055 55541.26633219 45.43 236.644036  46.172855   -100  255.98  256.21  259.03
  89     0.854 55541.26633278 42.98 236.646115  46.175062   -100  255.98  256.21  259.03
  89     0.937 55541.26633337 36.51 236.648194  46.177270 31.246  255.98  256.21  259.03
  89     0.687 55541.26633396 32.73 236.650273  46.179477 19.215  255.98  256.21  259.03
  90     1.184 55551.18197691 37.28 236.643956  46.173193   -100 -100.00 -100.00 -100.00
  90     1.343 55551.18197750 33.16 236.646034  46.175401 29.395 -100.00 -100.00 -100.00
  90     0.996 55551.18197809 32.48 236.648113  46.177608   -100 -100.00 -100.00 -100.00
  90     1.069 55551.18197868 25.54 236.650193  46.179815 12.656 -100.00 -100.00 -100.00
  91     0.727 55561.09762085 48.23 236.644633  46.176311   -100  253.40  253.10  255.54
  91     0.726 55561.09762144 48.24 236.646712  46.178519   -100  253.40  253.10  255.54
  91     0.688 55561.09762203 51.53 236.648791  46.180726  8.572  253.40  253.10  255.54
  92     1.035 55571.01326367 34.74 236.644300  46.177577 26.027  255.20  255.18  258.20
  92     1.421 55571.01326426 27.31 236.646379  46.179784  8.054  255.20  255.18  258.20
  92     1.275 55571.01326486 25.51 236.648459  46.181992  5.863  255.20  255.18  258.20
  93     2.983 55580.92890513 36.73 236.644592  46.176679 15.338  254.16  254.25  257.98
  93     2.866 55580.92890572 39.11 236.646671  46.178887 24.306  254.16  254.25  257.98
  93     3.054 55580.92890631 42.47 236.648750  46.181094   -100  254.16  254.25  257.98
  94     2.720 55590.84454347 46.64 236.646970  46.174271 29.641  261.71  262.29  264.68
  94     2.684 55590.84454406 46.83 236.649050  46.176479   -100  261.71  262.29  264.68
  94     2.643 55590.84454466 49.00 236.651129  46.178687   -100  261.71  262.29  264.68
  99     3.531 55640.42274581 46.62 236.648292  46.173870   -100 -100.00 -100.00 -100.00
  99     3.272 55640.42274640 52.46 236.650371  46.176078  3.104 -100.00 -100.00 -100.00
  99     3.115 55640.42274699 53.15 236.652450  46.178285   -100 -100.00 -100.00 -100.00
 100     2.613 55650.33839390 30.82 236.649303  46.173853 11.156 -100.00 -100.00 -100.00
 100     1.794 55650.33839449 30.64 236.651382  46.176060 13.128 -100.00 -100.00 -100.00
 104     1.483 55690.00095702 27.86 236.649836  46.174704 22.500 -100.00 -100.00 -100.00
 104     1.455 55690.00095761 28.61 236.651915  46.176912 22.255 -100.00 -100.00 -100.00
 105     2.606 55699.91659277 26.65 236.648709  46.172938 12.884 -100.00 -100.00 -100.00
 105     1.994 55699.91659336 27.24 236.650788  46.175146 20.356 -100.00 -100.00 -100.00
 105     1.951 55699.91659395 26.71 236.652867  46.177354 17.196 -100.00 -100.00 -100.00
 107     2.255 55719.74788278 29.12 236.650514  46.175014 20.078 -100.00 -100.00 -100.00
 107     1.885 55719.74788337 27.51 236.652593  46.177221 19.729 -100.00 -100.00 -100.00
 108     2.289 55729.66353033 45.68 236.647300  46.174114 29.663  263.87  264.60  265.27
 108     2.025 55729.66353092 46.77 236.649379  46.176322   -100  263.87  264.60  265.27
 108     2.265 55729.66353151 49.54 236.651458  46.178529   -100  263.87  264.60  265.27
 109     1.938 55739.57917651 43.37 236.644768  46.173511 23.005 -100.00 -100.00 -100.00
 109     1.503 55739.57917710 46.69 236.646847  46.175718   -100 -100.00 -100.00 -100.00
 109     1.420 55739.57917769 49.53 236.648926  46.177926   -100 -100.00 -100.00 -100.00
 109     1.475 55739.57917828 46.20 236.651005  46.180133   -100 -100.00 -100.00 -100.00
 110     1.421 55749.49482212 31.26 236.645326  46.175445   -100  265.94  268.06  268.41
 110     1.042 55749.49482271 30.31 236.647405  46.177653   -100 -100.00 -100.00 -100.00
 110     1.252 55749.49482330 21.64 236.649484  46.179860 11.350 -100.00 -100.00 -100.00
 111     2.952 55759.41046491 43.58 236.645999  46.175053 27.290 -100.00 -100.00 -100.00
 111     2.855 55759.41046550 49.65 236.648078  46.177260   -100 -100.00 -100.00 -100.00
 111     2.869 55759.41046609 52.30 236.650157  46.179468   -100 -100.00 -100.00 -100.00
 112     2.350 55769.32610506 34.32 236.648599  46.174497   -100 -100.00 -100.00 -100.00
 112     1.657 55769.32610565 30.06 236.650678  46.176705 30.720 -100.00 -100.00 -100.00
 112     2.004 55769.32610624 21.46 236.652757  46.178912 10.473 -100.00 -100.00 -100.00
 123     1.772 55878.39816181 28.90 236.647864  46.174040 19.434 -100.00 -100.00 -100.00
 123     1.292 55878.39816240 29.43 236.649943  46.176247 25.878 -100.00 -100.00 -100.00
 123     1.222 55878.39816299 24.15 236.652022  46.178455 13.683 -100.00 -100.00 -100.00
 124     2.235 55888.31380644 30.94 236.646655  46.173298 16.617 -100.00 -100.00 -100.00
 124     0.951 55888.31380703 31.45 236.648733  46.175506 20.794 -100.00 -100.00 -100.00
 124     1.954 55888.31380762 27.95 236.650812  46.177713 12.491 -100.00 -100.00 -100.00
 125     1.582 55898.22944615 48.74 236.649468  46.174596   -100 -100.00 -100.00 -100.00
 125     1.385 55898.22944674 52.89 236.651547  46.176804   -100 -100.00 -100.00 -100.00
 127     0.799 55918.06072839 39.15 236.647803  46.173051   -100  258.07  258.40  260.76
 127     0.894 55918.06072898 33.79 236.649882  46.175259 28.891 -100.00 -100.00 -100.00
 127     0.477 55918.06072957 30.27 236.651961  46.177466 23.351 -100.00 -100.00 -100.00
 128     1.220 55927.97638159 35.56 236.645020  46.173505   -100  261.17  261.36  263.74
 128     0.914 55927.97638218 31.25 236.647099  46.175713 21.252  261.17  261.36  263.74
 128     0.744 55927.97638277 28.53 236.649178  46.177921 17.920  261.17  261.36  263.74
 128     0.658 55927.97638336 24.08 236.651257  46.180128  8.901  261.17  261.36  263.74
 129     1.856 55937.89203173 27.20 236.645611  46.174487 15.805 -100.00 -100.00 -100.00
 129     0.758 55937.89203232 30.58 236.647690  46.176695 30.065 -100.00 -100.00 -100.00
 129     1.496 55937.89203291 24.09 236.649769  46.178903 12.453 -100.00 -100.00 -100.00
 130     3.016 55947.80767665 32.67 236.646608  46.173887 17.890  253.88  254.64  257.23
 130     2.805 55947.80767724 32.55 236.648687  46.176095 23.290  253.88  254.64  257.23
 130     2.758 55947.80767784 28.47 236.650766  46.178303 12.768  253.88  254.64  257.23
 131     2.196 55957.72331738 33.38 236.649248  46.174792 20.175 -100.00 -100.00 -100.00
 131     1.938 55957.72331797 28.75 236.651328  46.177000 11.378 -100.00 -100.00 -100.00
 132     1.643 55967.63895479 27.17 236.649058  46.173549 14.848 -100.00 -100.00 -100.00
 132     1.390 55967.63895538 27.43 236.651138  46.175757 17.678 -100.00 -100.00 -100.00
 132     1.053 55967.63895597 24.65 236.653217  46.177965 12.204 -100.00 -100.00 -100.00
 133     1.241 55977.55459179 30.00 236.650774  46.174921 22.387 -100.00 -100.00 -100.00
 133     1.207 55977.55459238 28.25 236.652853  46.177129 18.028 -100.00 -100.00 -100.00
 138     2.480 56027.13280816 29.94 236.648792  46.173446 18.567 -100.00 -100.00 -100.00
 138     1.944 56027.13280875 27.98 236.650871  46.175653 18.902 -100.00 -100.00 -100.00
 138     1.873 56027.13280934 25.56 236.652950  46.177861 12.946 -100.00 -100.00 -100.00
 139     1.966 56037.04845072 44.54 236.646248  46.173742   -100  266.40  269.37  271.00
 139     1.990 56037.04845131 46.60 236.648327  46.175950   -100  266.40  269.37  271.00
 139     1.735 56037.04845190 46.97 236.650406  46.178157   -100  266.40  269.37  271.00
 140     1.423 56046.96409141 36.36 236.645428  46.173362   -100 -100.00 -100.00 -100.00
 140     1.263 56046.96409200 31.06 236.647507  46.175570 26.201 -100.00 -100.00 -100.00
 140     1.192 56046.96409259 29.27 236.649586  46.177777 23.459 -100.00 -100.00 -100.00
 140     1.259 56046.96409318 22.56 236.651665  46.179985 10.585 -100.00 -100.00 -100.00
 141     1.125 56056.87972951 33.09 236.646706  46.173111 31.109  266.36  265.55  268.81
 141     0.728 56056.87973010 31.63 236.648785  46.175319   -100  266.36  265.55  268.81
 141     0.782 56056.87973069 29.47 236.650864  46.177526 27.200  266.36  265.55  268.81
 143     2.067 56076.71101200 40.25 236.649900  46.174499   -100 -100.00 -100.00 -100.00
 143     1.865 56076.71101259 43.29 236.651979  46.176706   -100 -100.00 -100.00 -100.00
 144     2.669 56086.62666019 41.39 236.644932  46.173030   -100 -100.00 -100.00 -100.00
 144     2.492 56086.62666078 37.90 236.647010  46.175238 29.682 -100.00 -100.00 -100.00
 144     2.402 56086.62666137 37.81 236.649089  46.177446 29.681 -100.00 -100.00 -100.00
 144     2.764 56086.62666196 43.29 236.651169  46.179653   -100 -100.00 -100.00 -100.00
 145     1.685 56096.54230655 35.09 236.643886  46.173555   -100 -100.00 -100.00 -100.00
 145     1.530 56096.54230714 30.82 236.645965  46.175763 27.970 -100.00 -100.00 -100.00
 145     0.988 56096.54230773 30.39 236.648043  46.177970   -100 -100.00 -100.00 -100.00
 145     1.325 56096.54230832 22.84 236.650123  46.180178 11.733 -100.00 -100.00 -100.00
 146     1.890 56106.45795060 44.58 236.644300  46.172701 22.753  263.12  264.88  265.38
 146     1.685 56106.45795119 46.94 236.646379  46.174908 29.619  263.12  264.88  265.38
 146     1.571 56106.45795178 50.23 236.648458  46.177116   -100 -100.00 -100.00 -100.00
 146     1.550 56106.45795237 53.63 236.650537  46.179323  0.717 -100.00 -100.00 -100.00
 147     0.975 56116.37358110 33.64 236.649212  46.174465   -100 -100.00 -100.00 -100.00
 147     0.832 56116.37358169 29.17 236.651291  46.176672 26.377 -100.00 -100.00 -100.00
 151     1.612 56156.03614580 25.62 236.650643  46.174325 20.480  278.45  280.44  279.93
 151     0.917 56156.03614639 27.68 236.652722  46.176532 25.378 -100.00 -100.00 -100.00
 152     1.079 56165.95179445 34.88 236.648367  46.173900   -100 -100.00 -100.00 -100.00
 152     0.892 56165.95179504 29.23 236.650446  46.176108 31.179 -100.00 -100.00 -100.00
 152     0.721 56165.95179563 26.46 236.652525  46.178315 24.642 -100.00 -100.00 -100.00
 153     0.750 56175.86744134 31.12 236.649442  46.174653   -100 -100.00 -100.00 -100.00
 153     0.561 56175.86744193 29.56 236.651521  46.176860 32.305 -100.00 -100.00 -100.00
 154     1.302 56185.78308309 29.93 236.651220  46.174522 32.052 -100.00 -100.00 -100.00
 154     0.973 56185.78308368 27.16 236.653299  46.176729 22.154 -100.00 -100.00 -100.00
 159     0.563 56235.36128212 49.02 236.650129  46.174323   -100  266.78  269.03  269.03
 159     0.663 56235.36128271 53.11 236.652207  46.176531   -100  266.78  269.03  269.03
 160     1.165 56245.27693318 44.79 236.647937  46.173420 25.978  259.89  261.22  263.14
 160     1.031 56245.27693377 47.82 236.650016  46.175627   -100  259.89  261.22  263.14
 160     0.885 56245.27693436 51.80 236.652095  46.177835  3.668  259.89  261.22  263.14
 161     1.837 56255.19257962 46.77 236.646907  46.173899 31.281  259.45  261.94  263.22
 161     1.512 56255.19258021 50.71 236.648986  46.176106   -100  259.45  261.94  263.22
 161     1.581 56255.19258080 50.51 236.651065  46.178314   -100  259.45  261.94  263.22
 162   137.215 56265.10822222 10.15 236.645730  46.174507 23.456 -100.00 -100.00 -100.00
 162   137.380 56265.10822281 11.69 236.647809  46.176714 29.096 -100.00 -100.00 -100.00
 162   137.854 56265.10822340 12.45 236.649888  46.178922 29.293 -100.00 -100.00 -100.00
 163     2.257 56275.02386339 33.18 236.645800  46.175424 23.660  257.50  258.57  260.91
 163     2.174 56275.02386398 30.11 236.647879  46.177632 16.893  257.50  258.57  260.91
 163     2.248 56275.02386457 25.94 236.649958  46.179839 10.072  257.50  258.57  260.91
 164     2.275 56284.93950887 46.09 236.645943  46.174746 28.046 -100.00 -100.00 -100.00
 164     2.116 56284.93950946 49.94 236.648022  46.176954   -100 -100.00 -100.00 -100.00
 164     2.050 56284.93951005 52.74 236.650101  46.179161  1.998 -100.00 -100.00 -100.00
 165     0.657 56294.85516002 31.21 236.647258  46.174554 30.028 -100.00 -100.00 -100.00
 165     0.495 56294.85516061 29.65 236.649338  46.176761 25.219 -100.00 -100.00 -100.00
 165     0.635 56294.85516120 23.35 236.651417  46.178969  9.539 -100.00 -100.00 -100.00
 166     1.344 56304.77080680 31.24 236.648246  46.173960 11.943  254.60  254.01  255.50
 166     0.673 56304.77080739 31.98 236.650325  46.176168 12.670  254.60  254.01  255.50
 166     0.390 56304.77080798 31.37 236.652405  46.178376  9.979  254.60  254.01  255.50
 167     1.824 56314.68644946 31.66 236.646818  46.173109 31.102 -100.00 -100.00 -100.00
 167     1.743 56314.68645005 28.20 236.648897  46.175317 22.113 -100.00 -100.00 -100.00
 167     1.683 56314.68645064 25.27 236.650977  46.177524 13.897 -100.00 -100.00 -100.00
 168     2.537 56324.60209026 43.66 236.645474  46.173950   -100 -100.00 -100.00 -100.00
 168     2.583 56324.60209085 32.93 236.647553  46.176158 13.495 -100.00 -100.00 -100.00
 168     2.241 56324.60209144 39.53 236.649633  46.178365 31.663 -100.00 -100.00 -100.00
 168     2.567 56324.60209203 44.13 236.651712  46.180573   -100 -100.00 -100.00 -100.00
 169     2.446 56334.51773001 41.45 236.644646  46.173728   -100  256.60  257.14  260.09
 169     2.451 56334.51773060 47.13 236.646725  46.175935   -100  256.60  257.14  260.09
 169     2.193 56334.51773119 51.84 236.648804  46.178143   -100  256.60  257.14  260.09
 169     1.895 56334.51773178 55.21 236.650883  46.180351   -100  256.60  257.14  260.09
 170     1.492 56344.43336899 39.90 236.646350  46.172631   -100 -100.00 -100.00 -100.00
 170     1.466 56344.43336958 30.20 236.648429  46.174838 22.556 -100.00 -100.00 -100.00
 170     1.254 56344.43337017 30.95 236.650508  46.177046 29.172 -100.00 -100.00 -100.00
 170     1.164 56344.43337076 25.04 236.652587  46.179253 16.646 -100.00 -100.00 -100.00
 173     1.054 56374.18029933 29.72 236.651060  46.174809 13.474 -100.00 -100.00 -100.00
 173     0.939 56374.18029992 30.35 236.653139  46.177017 14.371 -100.00 -100.00 -100.00
 175     2.167 56394.01158906 33.25 236.643485  46.176007 30.888  263.00  263.43  266.11
 175     1.255 56394.01158965 31.46 236.645564  46.178215 28.834  263.00  263.43  266.11
 175     1.610 56394.01159024 27.23 236.647643  46.180422 15.784  263.00  263.43  266.11
 175     1.302 56394.01159083 22.79 236.649722  46.182630  8.776  263.00  263.43  266.11
 177     0.881 56413.84287016 35.60 236.643956  46.172847 26.442  271.24  270.86  272.65
 177     0.815 56413.84287076 31.02 236.646034  46.175054 14.692  271.24  270.86  272.65
 177     0.939 56413.84287135 28.11 236.648113  46.177262  9.563  271.24  270.86  272.65
 177     0.471 56413.84287194 24.61 236.650193  46.179470  4.308  271.24  270.86  272.65
 178     0.978 56423.75850563 47.28 236.651557  46.175223   -100  275.48  275.87  276.23
 178     1.008 56423.75850622 46.70 236.653636  46.177431   -100  275.48  275.87  276.23
 179     1.384 56433.67415013 50.03 236.650749  46.174939   -100 -100.00 -100.00 -100.00
 179     1.252 56433.67415072 53.97 236.652828  46.177147 13.987 -100.00 -100.00 -100.00
 180     2.682 56443.58980137 45.93 236.644159  46.173419 26.972 -100.00 -100.00 -100.00
 180     2.493 56443.58980196 46.97 236.646238  46.175627   -100 -100.00 -100.00 -100.00
 180     2.510 56443.58980255 45.18 236.648317  46.177834 29.237 -100.00 -100.00 -100.00
 180     2.107 56443.58980314 45.33 236.650396  46.180042   -100 -100.00 -100.00 -100.00
 181     1.305 56453.50545169 28.87 236.644560  46.177771 24.216 -100.00 -100.00 -100.00
 181     1.911 56453.50545229 23.11 236.646639  46.179978 11.152 -100.00 -100.00 -100.00
 181     1.886 56453.50545288 23.24 236.648718  46.182186 11.056 -100.00 -100.00 -100.00
 182     2.073 56463.42109826 48.23 236.644237  46.176913 32.474 -100.00 -100.00 -100.00
 182     1.875 56463.42109885 49.83 236.646316  46.179121   -100 -100.00 -100.00 -100.00
 182     1.789 56463.42109944 52.48 236.648395  46.181328  4.429 -100.00 -100.00 -100.00
 183     2.028 56473.33674135 43.86 236.645596  46.174611 21.517 -100.00 -100.00 -100.00
 183     1.589 56473.33674194 50.21 236.647674  46.176818   -100 -100.00 -100.00 -100.00
 183     1.486 56473.33674253 53.27 236.649754  46.179025   -100 -100.00 -100.00 -100.00
 184     1.042 56483.25238137 35.45 236.648586  46.173016   -100  267.48  269.16  269.44
 184     0.514 56483.25238196 27.40 236.650665  46.175223 29.193 -100.00 -100.00 -100.00
 184     0.466 56483.25238255 28.13 236.652744  46.177430 30.080 -100.00 -100.00 -100.00
 191     0.537 56552.66188121 30.36 236.649435  46.174244 24.173 -100.00 -100.00 -100.00
 191     0.625 56552.66188180 28.25 236.651514  46.176451 19.576 -100.00 -100.00 -100.00
 192     1.439 56562.57752356 27.67 236.645807  46.174394 18.843 -100.00 -100.00 -100.00
 192     0.525 56562.57752415 29.87 236.647886  46.176601 32.000 -100.00 -100.00 -100.00
 192     1.031 56562.57752474 24.06 236.649966  46.178808 15.331 -100.00 -100.00 -100.00
 193     2.603 56572.49316511 32.80 236.644729  46.176109 15.129  262.51  263.10  264.45
 193     2.348 56572.49316570 30.20 236.646808  46.178317 12.016  262.51  263.10  264.45
 193     2.168 56572.49316629 44.15 236.648887  46.180524   -100  262.51  263.10  264.45
 194     1.848 56582.40880445 32.61 236.645314  46.175763 31.646  260.56  260.79  263.05
 194     1.462 56582.40880504 28.13 236.647392  46.177970 21.677  260.56  260.79  263.05
 194     1.647 56582.40880563 22.43 236.649471  46.180177  8.867  260.56  260.79  263.05
 195     0.727 56592.32443967 31.56 236.650209  46.174740 28.152  261.29  261.70  263.64
 195     0.480 56592.32444026 40.16 236.652288  46.176948  9.377  261.29  261.70  263.64
 196     0.811 56602.24008985 47.07 236.649322  46.173570   -100  260.34  261.02  262.84
 196     0.647 56602.24009044 51.29 236.651400  46.175778   -100  260.34  261.02  262.84
 197     0.754 56612.15573930 37.77 236.647843  46.174167   -100  262.61  263.95  265.78
 197     0.874 56612.15573989 30.83 236.649922  46.176375 20.677  262.61  263.95  265.78
 197     0.651 56612.15574048 33.48 236.652001  46.178582 31.381  262.61  263.95  265.78
 198     1.948 56622.07138408 43.71 236.644439  46.173380 23.474  259.24  259.42  262.45
 198     1.952 56622.07138467 44.98 236.646518  46.175588 23.760  259.24  259.42  262.45
 198     1.473 56622.07138526 51.37 236.648597  46.177795   -100  259.24  259.42  262.45
 198     1.420 56622.07138585 54.33 236.650676  46.180003 29.307  259.24  259.42  262.45
 199     2.775 56631.98702661 34.38 236.644073  46.174445   -100 -100.00 -100.00 -100.00
 199     2.762 56631.98702720 29.39 236.646151  46.176652 20.401 -100.00 -100.00 -100.00
 199     2.476 56631.98702779 24.97 236.648230  46.178860 12.234 -100.00 -100.00 -100.00
 199     2.190 56631.98702838 22.17 236.650310  46.181067  9.182 -100.00 -100.00 -100.00
 200     2.438 56641.90266467 41.73 236.645579  46.172934   -100  259.88  260.68  263.62
 200     2.581 56641.90266526 31.64 236.647658  46.175142 10.879  259.88  260.68  263.62
 200     1.968 56641.90266585 28.83 236.649737  46.177350  8.688 -100.00 -100.00 -100.00
 200     1.672 56641.90266644 27.27 236.651816  46.179557  6.158 -100.00 -100.00 -100.00
 201     1.206 56651.81831420 29.40 236.647896  46.173156 25.713 -100.00 -100.00 -100.00
 201     1.035 56651.81831479 29.17 236.649975  46.175364 23.229 -100.00 -100.00 -100.00
 201     0.833 56651.81831538 26.92 236.652055  46.177572 19.266 -100.00 -100.00 -100.00
 202     1.192 56661.73396444 38.56 236.648865  46.173392 32.079  256.81  256.02  258.57
 202     0.880 56661.73396503 29.05 236.650944  46.175600  7.529  256.81  256.02  258.57
 202     0.325 56661.73396562 28.57 236.653024  46.177807  7.865  256.81  256.02  258.57
 203     1.272 56671.64961140 47.29 236.648277  46.174046 30.918  257.91  258.55  260.20
 203     1.003 56671.64961199 51.34 236.650357  46.176254   -100  257.91  258.55  260.20
 203     1.196 56671.64961258 52.41 236.652436  46.178462  4.836  257.91  258.55  260.20
 204     1.413 56681.56525582 27.39 236.644363  46.173448 20.070 -100.00 -100.00 -100.00
 204     1.180 56681.56525642 29.11 236.646443  46.175656 25.332 -100.00 -100.00 -100.00
 204     0.847 56681.56525701 28.02 236.648522  46.177863 25.407 -100.00 -100.00 -100.00
 204     1.025 56681.56525760 21.78 236.650602  46.180071 11.038 -100.00 -100.00 -100.00
 205     2.649 56691.48089916 46.23 236.645239  46.175800   -100  254.61  253.82  257.73
 205     2.300 56691.48089975 51.10 236.647318  46.178007   -100  254.61  253.82  257.73
 205     2.265 56691.48090034 54.17 236.649398  46.180215 10.873  254.61  253.82  257.73
 209   -11.843 56731.14346774 23.05 236.646185  46.172789  4.367  260.25  260.90  263.35
 209   -12.198 56731.14346833 23.34 236.648264  46.174996  4.558  260.25  260.90  263.35
 209   -12.491 56731.14346892 23.77 236.650344  46.177204  5.275  260.25  260.90  263.35
 209   -12.748 56731.14346951 23.95 236.652423  46.179411  5.141  260.25  260.90  263.35
 210     1.096 56741.05911615 37.37 236.643882  46.175859   -100  267.08  267.49  269.94
 210     0.962 56741.05911674 28.58 236.645961  46.178066 13.474  267.08  267.49  269.94
 210     0.796 56741.05911734 26.30 236.648040  46.180274  8.208  267.08  267.49  269.94
 211     1.868 56750.97476014 32.24 236.642456  46.177147 20.193  262.10  263.19  265.25
 211     2.023 56750.97476074 25.60 236.644535  46.179355  7.328  262.10  263.19  265.25
 211     1.808 56750.97476133 25.28 236.646614  46.181563  8.426  262.10  263.19  265.25
 213     2.213 56770.80603092 31.16 236.647034  46.173181 19.077 -100.00 -100.00 -100.00
 213     1.730 56770.80603151 29.70 236.649113  46.175389 19.446 -100.00 -100.00 -100.00
 213     1.384 56770.80603211 28.10 236.651192  46.177597 18.409 -100.00 -100.00 -100.00
 214     1.548 56780.72168441 33.69 236.645466  46.173017   -100 -100.00 -100.00 -100.00
 214     1.489 56780.72168501 29.19 236.647545  46.175225 19.154 -100.00 -100.00 -100.00
 214     1.247 56780.72168560 28.76 236.649624  46.177433 19.123 -100.00 -100.00 -100.00
 214     1.291 56780.72168619 22.38 236.651704  46.179640  7.349 -100.00 -100.00 -100.00
 215     1.289 56790.63733956 46.19 236.644183  46.175168   -100  266.67  267.01  268.50
 215     1.571 56790.63734015 48.35 236.646263  46.177375 31.733  266.67  267.01  268.50
 215     1.314 56790.63734074 50.89 236.648342  46.179583   -100  266.67  267.01  268.50
 215     1.290 56790.63734133 46.73 236.650422  46.181790   -100  266.67  267.01  268.50
 216     1.026 56800.55299152 34.08 236.642601  46.177888   -100 -100.00 -100.00 -100.00
 216     0.864 56800.55299211 26.67 236.644681  46.180095 20.308 -100.00 -100.00 -100.00
 216     1.105 56800.55299270 31.89 236.646760  46.182303   -100 -100.00 -100.00 -100.00
 217     2.040 56810.46863621 29.40 236.641531  46.178244 26.791  263.59  264.43  265.87
 217     1.582 56810.46863680 29.45 236.643610  46.180452 31.677  263.59  264.43  265.87
 217     1.023 56810.46863739 24.92 236.645690  46.182659 17.333  263.59  264.43  265.87
 218     2.868 56820.38427599 31.63 236.642814  46.177274 31.683  264.87  265.86  267.26
 218     2.676 56820.38427658 23.96 236.644893  46.179482 13.274  264.87  265.86  267.26
 218     2.296 56820.38427717 23.62 236.646972  46.181689 12.209  264.87  265.86  267.26
 219     2.288 56830.29991147 29.59 236.645119  46.173842 24.663 -100.00 -100.00 -100.00
 219     0.799 56830.29991207 29.69 236.647198  46.176049 27.882 -100.00 -100.00 -100.00
 219     1.645 56830.29991266 26.48 236.649277  46.178257 19.070 -100.00 -100.00 -100.00
 219     2.012 56830.29991325 20.47 236.651356  46.180464  7.280 -100.00 -100.00 -100.00
 222     0.953 56860.04683390 32.26 236.649500  46.173709   -100  274.87  275.96  275.94
 222     0.745 56860.04683449 28.04 236.651579  46.175916 30.678  274.87  275.96  275.94
 223     1.707 56869.96248766 30.24 236.645695  46.174887 25.070  280.34  282.00  281.65
 223     1.031 56869.96248825 29.17 236.647774  46.177094   -100  280.34  282.00  281.65
 223     1.585 56869.96248884 22.24 236.649853  46.179301 12.739 -100.00 -100.00 -100.00
 224     2.340 56879.87813932 48.48 236.645314  46.176756 31.558  280.41  280.49  281.47
 224     2.172 56879.87813991 52.03 236.647393  46.178963   -100  280.41  280.49  281.47
 224     2.025 56879.87814050 52.16 236.649472  46.181171 18.962  280.41  280.49  281.47
 225     1.911 56889.79378699 30.78 236.644993  46.176441   -100  273.49  273.61  273.76
 225     1.461 56889.79378758 24.60 236.647072  46.178648 21.736  273.49  273.61  273.76
 225     1.246 56889.79378817 23.96 236.649151  46.180855 17.765  273.49  273.61  273.76
 226     1.232 56899.70943152 35.95 236.643757  46.175158   -100  268.26  269.05  268.97
 226     1.015 56899.70943211 30.83 236.645836  46.177365 23.376  268.26  269.05  268.97
 226     1.028 56899.70943270 23.62 236.647915  46.179572  8.371  268.26  269.05  268.97
 226     0.760 56899.70943329 23.53 236.649995  46.181779  9.481  268.26  269.05  268.97
 227     0.969 56909.62507444 48.29 236.643690  46.177249   -100  265.82  265.84  266.75
 227     0.796 56909.62507503 46.94 236.645769  46.179457   -100  265.82  265.84  266.75
 227     0.917 56909.62507562 49.93 236.647849  46.181664  1.161  265.82  265.84  266.75
 228     0.567 56919.54071501 47.49 236.642167  46.177374 30.251 -100.00 -100.00 -100.00
 228     0.782 56919.54071560 48.50 236.644246  46.179582 32.753 -100.00 -100.00 -100.00
 228     0.552 56919.54071619 52.29 236.646325  46.181789   -100 -100.00 -100.00 -100.00
 229     1.111 56929.45635370 30.64 236.643164  46.177779   -100  264.29  265.41  266.03
 229     1.046 56929.45635429 26.02 236.645243  46.179986 18.506  264.29  265.41  266.03
 229     0.897 56929.45635488 24.75 236.647322  46.182193 15.333  264.29  265.41  266.03
 230     2.173 56939.37198703 35.22 236.643985  46.174166   -100 -100.00 -100.00 -100.00
 230     1.838 56939.37198762 30.69 236.646063  46.176373 28.560 -100.00 -100.00 -100.00
 230     1.853 56939.37198821 24.63 236.648142  46.178580 12.915 -100.00 -100.00 -100.00
 230     1.691 56939.37198880 22.03 236.650221  46.180788  8.646 -100.00 -100.00 -100.00
 231     2.552 56949.28762321 42.16 236.648254  46.173480   -100 -100.00 -100.00 -100.00
 231     2.118 56949.28762380 38.05 236.650333  46.175688   -100 -100.00 -100.00 -100.00
 231     2.252 56949.28762439 39.95 236.652412  46.177895   -100 -100.00 -100.00 -100.00
 232     1.304 56959.20327537 40.64 236.646016  46.172724   -100  264.02  265.28  266.68
 232     1.289 56959.20327596 31.65 236.648095  46.174931 22.468  264.02  265.28  266.68
 232     1.129 56959.20327655 29.66 236.650174  46.177138 17.308  264.02  265.28  266.68
 232     1.075 56959.20327714 22.92 236.652253  46.179345  5.247  264.02  265.28  266.68
 233     1.300 56969.11892268 44.13 236.644124  46.172622 29.160  260.68  261.99  263.12
 233     1.559 56969.11892327 46.30 236.646203  46.174829 25.000  260.68  261.99  263.12
 233     1.051 56969.11892386 51.29 236.648282  46.177037   -100  260.68  261.99  263.12
 233     1.025 56969.11892445 54.48 236.650361  46.179244 17.023  260.68  261.99  263.12
 234     1.194 56979.03456654 40.07 236.644146  46.173331   -100  259.45  258.43  261.71
 234     0.988 56979.03456713 34.32 236.646225  46.175538 26.289  259.45  258.43  261.71
 234     0.768 56979.03456772 29.97 236.648304  46.177745 18.215  259.45  258.43  261.71
 234     0.638 56979.03456831 24.55 236.650383  46.179953  7.438  259.45  258.43  261.71
 235     2.002 56988.95020637 29.85 236.646750  46.174637 20.903  265.36  267.50  269.50
 235     1.884 56988.95020696 29.19 236.648829  46.176845 20.488  265.36  267.50  269.50
 235     1.762 56988.95020755 23.71 236.650908  46.179052 10.471  265.36  267.50  269.50
 237     2.486 57008.78149123 27.51 236.651609  46.174894 18.752  261.36  262.00  263.11
 237     2.108 57008.78149182 26.31 236.653688  46.177101 16.516 -100.00 -100.00 -100.00
 238     2.734 57018.69714365 43.08 236.648646  46.173345   -100  259.89  260.92  262.14
 238     2.543 57018.69714424 35.78 236.650725  46.175553 27.802  259.89  260.92  262.14
 238     2.295 57018.69714483 28.38 236.652804  46.177760 10.067  259.89  260.92  262.14
 239     1.757 57028.61279300 35.40 236.646236  46.172978   -100  257.88  258.22  260.46
 239     1.586 57028.61279359 31.92 236.648315  46.175186 24.998  257.88  258.22  260.46
 239     1.436 57028.61279418 31.12 236.650395  46.177394 26.514  257.88  258.22  260.46
 239     1.221 57028.61279477 24.91 236.652474  46.179601 10.256  257.88  258.22  260.46
 240     1.435 57038.52844081 33.83 236.644776  46.173926 22.133  258.65  259.25  262.45
 240     1.255 57038.52844140 31.30 236.646855  46.176134 16.527  258.65  259.25  262.45
 240     1.175 57038.52844200 26.52 236.648935  46.178342  9.871  258.65  259.25  262.45
 240     1.131 57038.52844259 24.44 236.651014  46.180549  6.040  258.65  259.25  262.45
 241     1.031 57048.44408616 38.79 236.644333  46.174448   -100  259.92  260.92  263.60
 241     0.762 57048.44408675 34.63 236.646412  46.176655   -100  259.92  260.92  263.60
 241     1.057 57048.44408734 27.03 236.648492  46.178863  9.914  259.92  260.92  263.60
 241     0.631 57048.44408793 27.03 236.650571  46.181070 10.929  259.92  260.92  263.60
 242     2.136 57058.35972756 43.15 236.645371  46.173800 22.275  261.26  263.32  264.65
 242     1.897 57058.35972815 48.38 236.647450  46.176008   -100  261.26  263.32  264.65
 242     1.651 57058.35972874 52.54 236.649529  46.178215   -100  261.26  263.32  264.65
 242     1.959 57058.35972933 48.54 236.651608  46.180423   -100  261.26  263.32  264.65
 243     2.320 57068.27536343 44.07 236.647792  46.172884 28.319 -100.00 -100.00 -100.00
 243     2.012 57068.27536402 48.87 236.649871  46.175091  2.271 -100.00 -100.00 -100.00
 243     1.823 57068.27536461 52.54 236.651950  46.177299 21.279 -100.00 -100.00 -100.00
 246     1.333 57098.02228761 45.17 236.644568  46.172888 23.358  265.27  265.44  267.87
 246     1.471 57098.02228820 46.48 236.646647  46.175095 23.658  265.27  265.44  267.87
 246     1.051 57098.02228879 51.95 236.648726  46.177303   -100  265.27  265.44  267.87
 246     1.007 57098.02228938 53.32 236.650805  46.179510 13.671  265.27  265.44  267.87
 247     0.461 57107.93794402 41.11 236.643898  46.176672  1.558  272.57  273.61  274.95
 247     0.438 57107.93794461 36.11 236.645977  46.178880   -100  272.57  273.61  274.95
 247     0.659 57107.93794520 31.42 236.648056  46.181088 20.019  272.57  273.61  274.95
 248     1.239 57117.85359488 30.61 236.644420  46.177242 13.569  267.29  267.27  269.21
 248     1.313 57117.85359547 28.02 236.646499  46.179450  9.016  267.29  267.27  269.21
 248     0.759 57117.85359607 27.16 236.648579  46.181657  7.664  267.29  267.27  269.21
 249     2.311 57127.76923912 45.46 236.644639  46.175774   -100  264.18  264.38  265.94
 249     1.954 57127.76923971 44.90 236.646718  46.177981   -100  264.18  264.38  265.94
 249     2.012 57127.76924030 49.36 236.648797  46.180189  6.634  264.18  264.38  265.94
 250     2.481 57137.68487787 43.12 236.645300  46.174636 21.751 -100.00 -100.00 -100.00
 250     2.094 57137.68487846 47.36 236.647379  46.176844   -100 -100.00 -100.00 -100.00
 250     1.926 57137.68487905 52.66 236.649459  46.179051   -100 -100.00 -100.00 -100.00
 251     1.491 57147.60051287 39.36 236.647397  46.174525   -100 -100.00 -100.00 -100.00
 251     1.059 57147.60051346 43.61 236.649476  46.176732  0.815 -100.00 -100.00 -100.00
 251     1.816 57147.60051405 44.88 236.651555  46.178940   -100 -100.00 -100.00 -100.00
 252     1.071 57157.51614528 26.85 236.650526  46.174067 14.843 -100.00 -100.00 -100.00
 252     0.905 57157.51614587 27.37 236.652605  46.176274 16.283 -100.00 -100.00 -100.00
 254     2.162 57177.34744655 40.13 236.647956  46.172874   -100  260.78  262.06  262.81
 254     2.178 57177.34744714 30.92 236.650035  46.175081 31.135  260.78  262.06  262.81
 254     1.722 57177.34744773 26.96 236.652114  46.177289 19.435  260.78  262.06  262.81
 255     2.114 57187.26309898 26.24 236.648601  46.174626 17.242 -100.00 -100.00 -100.00
 255     0.259 57187.26309957 28.24 236.650680  46.176833 27.617 -100.00 -100.00 -100.00
 255     1.816 57187.26310016 20.43 236.652759  46.179040  9.297 -100.00 -100.00 -100.00
 256     1.877 57197.17874638 30.19 236.645668  46.172557 23.716 -100.00 -100.00 -100.00
 256     1.896 57197.17874697 27.38 236.647747  46.174764 17.370 -100.00 -100.00 -100.00
 256     1.261 57197.17874756 27.20 236.649826  46.176972 21.209 -100.00 -100.00 -100.00
 256     1.688 57197.17874815 19.90 236.651905  46.179179  7.858 -100.00 -100.00 -100.00
 257     1.650 57207.09438093 30.70 236.644570  46.172965 28.630  274.21  276.90  275.93
 257     1.525 57207.09438152 29.04 236.646649  46.175172 27.409  274.21  276.90  275.93
 257     1.166 57207.09438211 28.63 236.648728  46.177380 26.913 -100.00 -100.00 -100.00
 257     1.411 57207.09438270 20.55 236.650807  46.179587 11.337 -100.00 -100.00 -100.00
 258     1.284 57217.01002631 31.95 236.645043  46.174688   -100  276.06  278.21  277.86
 258     1.336 57217.01002690 29.45 236.647122  46.176895 26.566  276.06  278.21  277.86
 258     1.331 57217.01002749 22.23 236.649201  46.179102 12.158  276.06  278.21  277.86
 258     0.720 57217.01002808 22.05 236.651280  46.181309 14.394 -100.00 -100.00 -100.00
 259     0.651 57226.92567021 36.53 236.645165  46.174169   -100 -100.00 -100.00 -100.00
 259     0.713 57226.92567080 32.00 236.647244  46.176377   -100 -100.00 -100.00 -100.00
 259     0.356 57226.92567139 27.90 236.649323  46.178584   -100 -100.00 -100.00 -100.00
 259     0.034 57226.92567198 24.70 236.651403  46.180791 20.537 -100.00 -100.00 -100.00
 260     0.800 57236.84131217 43.22 236.646655  46.173830  5.575 -100.00 -100.00 -100.00
 260     0.626 57236.84131276 37.71 236.648734  46.176038   -100 -100.00 -100.00 -100.00
 260     0.441 57236.84131335 30.77 236.650813  46.178245   -100 -100.00 -100.00 -100.00
 261     0.816 57246.75695089 30.88 236.649173  46.174403   -100  276.75  278.24  276.77
 261     0.502 57246.75695148 31.45 236.651252  46.176611   -100  276.75  278.24  276.77
 262     1.601 57256.67258672 28.62 236.650325  46.174653 28.543 -100.00 -100.00 -100.00
 262     1.579 57256.67258731 26.83 236.652404  46.176861 21.167 -100.00 -100.00 -100.00
 263     2.157 57266.58822103 34.16 236.650112  46.174500   -100 -100.00 -100.00 -100.00
 263     1.939 57266.58822162 26.86 236.652191  46.176708 12.405 -100.00 -100.00 -100.00
 264     1.458 57276.50386564 43.35 236.647638  46.173704   -100 -100.00 -100.00 -100.00
 264     1.151 57276.50386623 44.71 236.649716  46.175912   -100 -100.00 -100.00 -100.00
 264     1.249 57276.50386682 45.68 236.651795  46.178119  2.140 -100.00 -100.00 -100.00
 265     0.902 57286.41952204 41.16 236.645363  46.173889   -100 -100.00 -100.00 -100.00
 265     0.607 57286.41952263 37.81 236.647441  46.176096   -100 -100.00 -100.00 -100.00
 265     0.464 57286.41952322 32.12 236.649520  46.178304   -100 -100.00 -100.00 -100.00
 265     0.283 57286.41952381 26.83 236.651599  46.180511 19.262 -100.00 -100.00 -100.00
 266     0.615 57296.33517594 44.10 236.645842  46.174913   -100 -100.00 -100.00 -100.00
 266     0.233 57296.33517653 45.07 236.647921  46.177120   -100 -100.00 -100.00 -100.00
 266     0.302 57296.33517712 43.87 236.650000  46.179328   -100 -100.00 -100.00 -100.00
 267     1.283 57306.25082584 37.59 236.645115  46.174205   -100 -100.00 -100.00 -100.00
 267     1.225 57306.25082643 31.11 236.647194  46.176412 24.000 -100.00 -100.00 -100.00
 267     1.094 57306.25082702 26.41 236.649273  46.178619 16.792 -100.00 -100.00 -100.00
 267     1.124 57306.25082762 21.55 236.651351  46.180826  7.798 -100.00 -100.00 -100.00
 268     2.296 57316.16647230 46.56 236.644142  46.174988 25.130 -100.00 -100.00 -100.00
 268     2.257 57316.16647289 46.84 236.646221  46.177195   -100 -100.00 -100.00 -100.00
 268     1.941 57316.16647348 44.38 236.648300  46.179402   -100 -100.00 -100.00 -100.00
 268     2.176 57316.16647407 43.34 236.650379  46.181609   -100 -100.00 -100.00 -100.00
 269     1.995 57326.08211581 32.42 236.643267  46.176426 18.348  268.56  271.38  270.91
 269     1.941 57326.08211640 26.95 236.645346  46.178634  7.195  268.56  271.38  270.91
 269     1.819 57326.08211699 26.95 236.647425  46.180841  8.129 -100.00 -100.00 -100.00
 270     1.236 57335.99775737 31.73 236.643920  46.176969 28.882 -100.00 -100.00 -100.00
 270     1.304 57335.99775796 23.97 236.645999  46.179176 11.323 -100.00 -100.00 -100.00
 270     0.840 57335.99775855 24.23 236.648078  46.181383 13.383 -100.00 -100.00 -100.00
 271     1.385 57345.91340422 35.40 236.643457  46.175466 22.981  258.48  259.03  261.71
 271     1.538 57345.91340481 31.85 236.645536  46.177674 16.751  258.48  259.03  261.71
 271     1.254 57345.91340541 25.54 236.647616  46.179881  5.809  258.48  259.03  261.71
 271     0.958 57345.91340600 24.63 236.649695  46.182089  5.463  258.48  259.03  261.71
 272     1.031 57355.82905165 31.55 236.643708  46.173897 25.948 -100.00 -100.00 -100.00
 272     0.734 57355.82905224 29.57 236.645787  46.176104 27.332 -100.00 -100.00 -100.00
 272     0.969 57355.82905283 27.37 236.647866  46.178312 22.731 -100.00 -100.00 -100.00
 272     0.593 57355.82905342 21.70 236.649946  46.180519  8.976 -100.00 -100.00 -100.00
 273    68.786 57365.74469555  9.69 236.645044  46.173296 10.108 -100.00 -100.00 -100.00
 273    82.926 57365.74469614  0.63 236.647123  46.175503  3.358 -100.00 -100.00 -100.00
 273    79.567 57365.74469673  3.62 236.649202  46.177711  6.341 -100.00 -100.00 -100.00
 273    42.897 57365.74469732  9.47 236.651282  46.179918 15.844 -100.00 -100.00 -100.00
 275     2.393 57385.57597466 29.00 236.647176  46.174418 15.360  253.75  254.03  256.41
 275     1.975 57385.57597525 29.48 236.649255  46.176626 17.624  253.75  254.03  256.41
 275     1.983 57385.57597584 24.19 236.651335  46.178833  8.828  253.75  254.03  256.41
 276     1.785 57395.49161234 33.86 236.648155  46.173904   -100  255.84  256.18  258.11
 276     1.489 57395.49161293 30.65 236.650234  46.176111 24.054  255.84  256.18  258.11
 276     1.342 57395.49161352 24.26 236.652314  46.178319 11.659  255.84  256.18  258.11
 279     1.028 57425.23854889 46.82 236.649389  46.174232   -100 -100.00 -100.00 -100.00
 279     0.731 57425.23854948 49.75 236.651468  46.176439   -100 -100.00 -100.00 -100.00
 281     2.301 57445.06984410 37.91 236.643851  46.177727 25.962 -100.00 -100.00 -100.00
 281     2.067 57445.06984469 38.61 236.645930  46.179935 31.216 -100.00 -100.00 -100.00
 281     2.155 57445.06984528 33.09 236.648009  46.182142 13.561 -100.00 -100.00 -100.00
 282     1.532 57454.98549027 33.79 236.642981  46.178690 31.030  259.81  260.15  262.37
 282     1.962 57454.98549086 28.18 236.645060  46.180898 13.256  259.81  260.15  262.37
 282     1.655 57454.98549145 25.78 236.647139  46.183106 10.947  259.81  260.15  262.37
 283     1.324 57464.90113405 35.06 236.643052  46.176633   -100 -100.00 -100.00 -100.00
 283     1.090 57464.90113464 29.06 236.645131  46.178841 22.569 -100.00 -100.00 -100.00
 283     1.277 57464.90113523 24.78 236.647211  46.181049 13.503 -100.00 -100.00 -100.00
 284     1.306 57474.81677410 33.12 236.645878  46.173544 30.242 -100.00 -100.00 -100.00
 284     0.656 57474.81677469 31.25 236.647957  46.175752 28.388 -100.00 -100.00 -100.00
 284     0.530 57474.81677528 32.47 236.650037  46.177960   -100 -100.00 -100.00 -100.00
 284     0.761 57474.81677587 23.87 236.652116  46.180168 10.741 -100.00 -100.00 -100.00
 288     2.297 57514.47933191 41.48 236.647512  46.172763  4.547  262.13  263.50  264.13
 288     2.122 57514.47933250 32.95 236.649591  46.174971 30.897 -100.00 -100.00 -100.00
 288     2.168 57514.47933309 26.45 236.651670  46.177178 13.225 -100.00 -100.00 -100.00
 289     1.980 57524.39498582 40.54 236.646473  46.172687   -100 -100.00 -100.00 -100.00
 289     1.856 57524.39498641 32.19 236.648552  46.174895   -100 -100.00 -100.00 -100.00
 289     1.427 57524.39498700 30.86 236.650631  46.177102   -100 -100.00 -100.00 -100.00
 289     1.485 57524.39498759 21.39 236.652710  46.179310  8.641 -100.00 -100.00 -100.00
 290     1.126 57534.31063795 31.62 236.648916  46.173703   -100 -100.00 -100.00 -100.00
 290     0.662 57534.31063854 29.11 236.650995  46.175910   -100 -100.00 -100.00 -100.00
 290     0.556 57534.31063913 25.54 236.653074  46.178117 19.741 -100.00 -100.00 -100.00
 291     1.021 57544.22628699 52.50 236.650184  46.174582   -100 -100.00 -100.00 -100.00
 291     1.060 57544.22628758 53.01 236.652263  46.176790   -100 -100.00 -100.00 -100.00
 292     1.427 57554.14193309 39.97 236.647402  46.173720  8.937 -100.00 -100.00 -100.00
 292     1.477 57554.14193368 29.25 236.649481  46.175928 17.702 -100.00 -100.00 -100.00
 292     1.496 57554.14193427 31.60 236.651561  46.178135 27.222 -100.00 -100.00 -100.00
 293     1.839 57564.05757833 30.75 236.645720  46.175021   -100  267.77  269.60  269.82
 293     0.758 57564.05757892 30.57 236.647799  46.177229   -100  267.77  269.60  269.82
 293     1.664 57564.05757951 21.07 236.649878  46.179436  8.618  267.77  269.60  269.82
 294     2.169 57573.97322318 31.55 236.645261  46.176151   -100  270.84  272.21  272.57
 294     1.606 57573.97322377 25.43 236.647340  46.178359 21.333 -100.00 -100.00 -100.00
 294     1.742 57573.97322436 20.74 236.649419  46.180566 10.477 -100.00 -100.00 -100.00
 295     0.977 57583.88886729 35.24 236.645063  46.175012   -100  274.79  275.11  275.78
 295     0.812 57583.88886788 31.48 236.647142  46.177219   -100  274.79  275.11  275.78
 295     0.832 57583.88886847 21.49 236.649221  46.179427 13.714  274.79  275.11  275.78
 296     0.485 57593.80450958 38.63 236.646273  46.173999   -100 -100.00 -100.00 -100.00
 296     0.362 57593.80451017 34.72 236.648352  46.176206   -100 -100.00 -100.00 -100.00
 296     0.468 57593.80451076 28.69 236.650431  46.178414 28.550 -100.00 -100.00 -100.00
 297     0.616 57603.72014947 40.57 236.646380  46.172884   -100 -100.00 -100.00 -100.00
 297     0.712 57603.72015006 32.90 236.648459  46.175092 31.241 -100.00 -100.00 -100.00
 297     0.562 57603.72015065 31.89 236.650538  46.177299   -100 -100.00 -100.00 -100.00
 297     0.359 57603.72015124 24.84 236.652618  46.179506 17.761 -100.00 -100.00 -100.00
