#    0.016  -6.849  70.909 ;Mean Elev.(m), Avg Gradient(m/km), RMS Gradient(m/km) - SRTM1     
#   10.008  -7.705  70.450 ;Mean Elev.(m), Avg Gradient(m/km), RMS Gradient(m/km) - ASTER GDEM
#    1.861  -4.879  74.131 ;Mean Elev.(m), Avg Gradient(m/km), RMS Gradient(m/km) - GMTED2010 
   1 236.624045  46.147968   150.682   150.746  3 54668.68973730  3.522
   3 236.620637  46.147955   -43.939   -43.915  5 54688.52102401  8.263
   5 236.624843  46.147138   -32.314   -32.314  2 54708.35230776  8.920
   7 236.624585  46.147701   -13.780   -13.780  2 54728.18360839 18.375
  16 236.625868  46.147550     1.154     1.157  3 54817.42439040 26.510
  17 236.624729  46.148552     1.004     0.986  3 54827.34003996 26.684
  18 236.621009  46.147811     1.884     1.811  4 54837.25567842 36.227
  19 236.618541  46.149650     2.773     2.408  5 54847.17132790 28.426
  20 236.615892  46.150383     1.359     1.253  4 54857.08697674 41.581
  21 236.614638  46.151296     0.802     0.787  4 54867.00262586 43.508
  22 236.615647  46.152063     1.440     1.489  4 54876.91827460 29.012
  23 236.616157  46.149826     2.027     2.068  4 54886.83391972 31.064
  24 236.617732  46.149167     2.223     2.240  4 54896.74956175 28.954
  25 236.619071  46.149911     1.705     1.655  4 54906.66520120 31.490
  26 236.618154  46.148660     1.453     1.502  4 54916.58083871 29.653
  27 236.618918  46.148492     1.445     1.362  4 54926.49647630 47.141
  28 236.620374  46.147014     1.720     1.715  4 54936.41211306 28.639
  29 236.625472  46.147503     1.761     1.463  3 54946.32774863 26.924
  32 236.626137  46.146759     1.479     1.697  3 54976.07467736 27.888
  33 236.623778  46.147715     1.319     1.319  2 54985.99032516 27.150
  34 236.622579  46.148219   -18.628   -18.605  4 54995.90597308  8.975
  35 236.620715  46.147349     0.978     1.042  4 55005.82161909 35.625
  36 236.619385  46.147364     1.023     1.124  4 55015.73726303 29.074
  37 236.618545  46.148328     1.231     1.204  4 55025.65290567 26.919
  38 236.618276  46.149966     1.588     1.658  4 55035.56854786 25.199
  39 236.619153  46.149634     0.914     0.847  4 55045.48418896 26.341
  40 236.621509  46.146961     0.756     0.701  4 55055.39982795 35.324
  41 236.627227  46.146889     0.701     0.707  3 55065.31546547 26.171
  42 236.626377  46.146663     1.471     1.532  3 55075.23111328 24.288
  43 236.622708  46.146803     1.789     1.661  3 55085.14676087 32.854
  44 236.620451  46.148675     1.646     1.733  4 55095.06240747 25.781
  45 236.618424  46.148142     0.963     0.990  4 55104.97805356 26.092
  46 236.618700  46.147731     0.733     0.744  4 55114.89369968 26.565
  47 236.620529  46.147277     1.038     1.092  5 55124.80934350 27.983
  48 236.622197  46.147053     1.795     1.833  3 55134.72498457 33.851
  49 236.622850  46.146988     2.065     2.208  3 55144.64062329 29.316
  50 236.622920  46.147699     2.266     2.057  4 55154.55626124 32.592
  51 236.625367  46.150127     0.876     0.876  2 55164.47189995 44.289
  52 236.623636  46.146687     0.696     0.725  3 55174.38753696 32.165
  53 236.626478  46.147174   155.589   155.589  2 55184.30317639  1.412
  55 236.618922  46.148388     1.572     1.669  4 55204.13447694 29.187
  56 236.616395  46.150241     2.822     2.776  4 55214.05012644 30.781
  57 236.616563  46.151765     1.808     1.774  4 55223.96577571 31.178
  58 236.617282  46.150355     1.509     1.419  4 55233.88142286 30.299
  59 236.619091  46.147802     1.244     1.206  4 55243.79706662 37.749
  61 236.621137  46.149942     1.426     1.581  3 55263.62834671 28.406
  62 236.619047  46.149685     1.764     1.712  4 55273.54398403 44.550
  63 236.619585  46.148516     2.398     2.387  5 55283.45962096 40.495
  64 236.625010  46.148542     1.649     1.599  3 55293.37525718 36.437
  65 236.628574  46.146431     1.225     1.110  3 55303.29089342 49.579
  66 236.629250  46.147855     1.350     1.311  3 55313.20654111 32.126
  67 236.625118  46.146641     1.421     1.190  3 55323.12218588 28.042
  68 236.623051  46.148269     1.552     1.552  2 55333.03783024 25.691
  69 236.621014  46.148565     1.953     2.242  4 55342.95347431 29.004
  70 236.621204  46.148371     1.621     1.614  4 55352.86911818 27.780
  71 236.621400  46.147126     1.477     1.305  4 55362.78475966 26.206
  72 236.622571  46.147957     0.673     0.660  3 55372.70039958 28.272
  73 236.621955  46.147858     0.886     0.857  4 55382.61603770 28.373
  74 236.621567  46.147565     2.483     2.460  3 55392.53167494 26.479
  75 236.625111  46.148123     1.614     1.743  3 55402.44731114 27.077
  76 236.625618  46.147608     0.681     0.681  2 55412.36296213 27.333
  77 236.627031  46.147555     0.730     0.730  2 55422.27861142 42.606
  78 236.626795  46.147485     0.239     0.179  3 55432.19425794 39.694
  79 236.623028  46.147592     2.161     2.140  4 55442.10990235 33.399
  80 236.620512  46.148895     2.351     2.312  4 55452.02554573 26.364
  81 236.619047  46.148147     2.223     2.300  4 55461.94118813 26.370
  82 236.621610  46.147125     1.056     1.087  4 55471.85682926 26.410
  83 236.626502  46.147287     0.811     0.811  2 55481.77246792 26.777
  86 236.625650  46.146711     1.563     1.544  3 55511.51938139 27.027
  88 236.620299  46.147584     1.780     1.780  5 55531.35067875 42.843
  90 236.620062  46.147804     2.787     2.875  4 55551.18197012 28.672
  91 236.618660  46.148714     0.771     0.733  4 55561.09761347 33.653
  93 236.618618  46.149079     3.122     3.121  4 55580.92889775 43.393
  94 236.622035  46.147775     2.412     2.230  3 55590.84453639 32.149
  95 236.627661  46.147007     1.223     1.223  2 55600.76017208 42.814
 100 236.624369  46.147359     2.768     2.733  3 55650.33838682 47.575
 101 236.627301  46.147905     1.470     1.361  3 55660.25403174 29.187
 102 236.627206  46.147396     1.629     1.834  3 55670.16967283 29.067
 103 236.625466  46.147359     1.420     1.425  3 55680.08531213 30.442
 105 236.624817  46.147548     2.239     2.239  2 55699.91658598 26.194
 106 236.626247  46.147352     1.690     1.922  3 55709.83222515 29.007
 107 236.624541  46.147415     1.798     1.798  2 55719.74787540 26.039
 108 236.622367  46.147620     2.236     2.179  3 55729.66352325 36.013
 109 236.620875  46.148121     1.366     1.383  4 55739.57916972 30.783
 110 236.619356  46.147849     1.496     1.468  4 55749.49481474 25.684
 111 236.620030  46.147457     2.967     2.908  4 55759.41045753 49.889
 112 236.623668  46.148007     1.983     2.095  3 55769.32609797 25.333
 113 236.627490  46.147654     1.394     1.200  3 55779.24173507 27.011
 116 236.628872  46.147415     1.031     1.026  3 55808.98864929 26.524
 117 236.626742  46.148009     1.428     1.614  3 55818.90429845 27.059
 118 236.627114  46.147214     1.722     1.722  2 55828.81994332 26.227
 122 236.626832  46.147561     0.806     0.806  2 55868.48250365 46.197
 123 236.622933  46.147546     1.323     1.471  3 55878.39815472 26.727
 124 236.622763  46.147908     2.313     2.364  4 55888.31379965 32.178
 125 236.624536  46.148103     1.535     1.462  3 55898.22943906 39.748
 126 236.626675  46.147458     1.245     1.237  3 55908.14507348 43.690
 127 236.623909  46.147661     1.063     1.063  2 55918.06072160 31.497
 129 236.619637  46.146887     1.889     1.852  4 55937.89202435 29.152
 132 236.624119  46.147054     1.544     1.437  3 55967.63894770 29.644
 133 236.624796  46.147323     1.341     1.341  2 55977.55458441 29.262
 134 236.626647  46.147371     2.031     2.039  3 55987.47022045 48.463
 135 236.629409  46.147710     1.821     1.705  3 55997.38585947 34.944
 138 236.623857  46.146954     2.216     2.423  3 56027.13280107 29.333
 139 236.622351  46.148353     2.068     2.041  4 56037.04844393 30.683
 140 236.621534  46.147972     1.449     1.557  4 56046.96408462 26.791
 142 236.626565  46.147505     1.067     1.069  3 56066.79535674 31.658
 143 236.624967  46.148004     2.193     2.133  3 56076.71100492 45.920
 144 236.621039  46.147640     2.702     2.634  4 56086.62665340 36.313
 145 236.619993  46.148166     2.677     3.215  4 56096.54229976 24.753
 146 236.620408  46.147312     1.460     1.535  4 56106.45794381 33.045
 147 236.624280  46.147974     0.539     0.538  3 56116.37357402 29.778
 148 236.627816  46.147714     1.379     1.410  3 56126.28921191 27.632
 150 236.628624  46.147213     1.273     1.273  2 56146.12048905 26.858
 151 236.625711  46.147835     1.044     0.859  3 56156.03613872 26.275
 152 236.623435  46.147409     0.760     0.764  3 56165.95178737 27.040
 153 236.624509  46.148161     0.648     0.660  3 56175.86743426 26.821
 154 236.626286  46.148029     0.578     0.567  3 56185.78307601 26.846
 155 236.626975  46.147271     0.716     0.716  2 56195.69871368 27.427
 156 236.626801  46.147095     1.225     1.327  3 56205.61434825 27.567
 157 236.627508  46.147767     1.533     1.447  3 56215.52998142 42.539
 158 236.626408  46.146504     1.125     1.042  3 56225.44561965 39.039
 159 236.625199  46.147831     0.786     0.905  3 56235.36127504 46.704
 160 236.623008  46.146927     0.649     0.683  3 56245.27692609 40.003
 161 236.621977  46.147407     1.452     1.386  3 56255.19257254 35.764
 162 236.619760  46.146910   153.183   153.494  4 56265.10821484  5.807
 164 236.619971  46.147148     2.101     2.118  4 56284.93950149 40.650
 166 236.623307  46.147466     1.188     1.260  3 56304.77079971 29.395
 167 236.622918  46.147718     1.438     1.511  4 56314.68644267 27.987
 168 236.620536  46.147455     2.521     2.547  5 56324.60208318 42.890
 170 236.622455  46.147239     1.487     1.485  4 56344.43336220 27.502
 171 236.627804  46.147666     0.927     0.927  2 56354.34899947 30.931
 172 236.628303  46.146956     0.963     0.966  3 56364.26464339 46.624
 173 236.625085  46.147213     1.497     1.497  2 56374.18029195 28.675
 175 236.619588  46.150617     1.865     1.834  4 56394.01158227 28.538
 176 236.620342  46.151020   160.263   156.362  3 56403.92722471  0.722
 177 236.620063  46.147455     1.128     1.061  4 56413.84286338 29.590
 178 236.625584  46.147624     1.270     1.270  2 56423.75849825 44.737
 179 236.624776  46.147340     1.220     1.220  2 56433.67414275 31.336
 180 236.620265  46.148028     2.352     2.383  4 56443.58979458 35.642
 181 236.618587  46.150173     1.978     2.054  4 56453.50544432 26.050
 182 236.618265  46.149317     2.247     2.253  4 56463.42109088 48.085
 183 236.619625  46.147016     1.593     1.628  4 56473.33673397 35.452
 184 236.624692  46.147630     0.599     0.599  2 56483.25237458 28.628
 185 236.626188  46.147190     1.070     1.090  3 56493.16801141 26.272
 186 236.626826  46.147567     1.264     1.264  2 56503.08364612 26.027
 187 236.628231  46.147419     1.447     1.479  3 56512.99927933 25.873
 188 236.627543  46.147837     1.079     0.656  3 56522.91492834 27.263
 189 236.626195  46.147036     1.058     1.058  2 56532.83058055 27.067
 191 236.624499  46.147752     0.401     0.371  3 56552.66187412 28.581
 192 236.619836  46.146797     1.221     1.189  4 56562.57751618 24.986
 193 236.618759  46.148512     2.584     2.584  4 56572.49315773 27.289
 195 236.625279  46.148248     0.757     0.698  3 56592.32443259 37.406
 196 236.624391  46.147078     0.981     0.912  3 56602.24008276 41.826
 197 236.622911  46.147675     0.898     0.954  3 56612.15573222 27.062
 198 236.620546  46.147991     1.408     1.395  4 56622.07137729 38.405
 199 236.620179  46.149054     2.450     2.543  4 56631.98701982 27.642
 200 236.621685  46.147543     2.233     2.188  4 56641.90265788 30.783
 201 236.623999  46.147765     0.923     0.923  2 56651.81830741 28.390
 202 236.623926  46.146897     1.172     1.187  3 56661.73395736 32.811
 203 236.623337  46.147552     0.889     0.887  3 56671.64960431 40.563
 204 236.620465  46.148056     1.518     1.797  4 56681.56524904 27.440
 206 236.621064  46.147523   154.774   154.837  4 56701.39653086  1.977
 207 236.626946  46.147803     1.708     1.739  3 56711.31216563 33.700
 208 236.626078  46.146608     1.608     1.596  3 56721.22780948 37.349
 209 236.622289  46.147399   -13.220   -13.026  4 56731.14346095 22.196
 210 236.617908  46.148261     1.714     0.914  4 56741.05910877 29.859
 211 236.617521  46.150652     1.871     1.943  3 56750.97475306 28.213
 213 236.623141  46.147788     1.966     1.760  4 56770.80602414 31.617
 214 236.621571  46.147625     1.439     1.364  4 56780.72167763 28.708
 215 236.620285  46.149777     1.121     1.093  4 56790.63733277 32.471
 216 236.616625  46.150290     1.154     1.018  4 56800.55298414 27.897
 217 236.615557  46.150647     1.807     1.917  4 56810.46862883 27.131
 218 236.616842  46.149678     2.570     2.543  4 56820.38426861 29.524
 219 236.621226  46.148455     1.860     1.845  4 56830.29990469 29.203
 220 236.627121  46.147581   -13.008   -12.819  3 56840.21553780  8.000
 222 236.624568  46.147218     0.787     0.869  3 56860.04682682 27.884
 223 236.619725  46.147291     1.470     1.536  4 56869.96248028 26.664
 224 236.619343  46.149160     1.985     1.998  4 56879.87813194 29.024
 225 236.619020  46.148844     1.712     1.839  4 56889.79377961 25.829
 226 236.619860  46.149769     1.099     1.030  4 56899.70942473 25.428
 227 236.617715  46.149654     0.710     0.675  4 56909.62506706 33.105
 228 236.617232  46.150882     0.566     0.559  3 56919.54070792 35.722
 229 236.617193  46.150182     1.380     1.321  4 56929.45634632 27.655
 230 236.620095  46.148776     2.359     2.338  4 56939.37198024 40.160
 231 236.623327  46.146988     2.362     2.304  3 56949.28761613 27.297
 232 236.622126  46.147336     1.120     1.055  4 56959.20326858 30.470
 233 236.622309  46.149442     0.893     0.893  2 56969.11891648 36.511
 234 236.620254  46.147942     0.679     0.712  4 56979.03455975 34.642
 235 236.620779  46.147040     1.642     1.798  4 56988.95019899 30.077
 236 236.626236  46.147488     2.207     2.207  2 56998.86583270 27.569
 237 236.625634  46.147295     2.468     2.468  2 57008.78148385 29.817
 238 236.623709  46.146850     2.354     2.335  3 57018.69713657 30.653
 240 236.620879  46.148536     1.299     1.307  4 57038.52843403 32.164
 241 236.620437  46.149057     1.146     1.200  4 57048.44407937 30.498
 242 236.620438  46.147306     1.650     1.694  5 57058.35972047 33.732
 243 236.624937  46.148598     1.877     1.892  3 57068.27535694 39.749
 244 236.626171  46.147061     1.617     1.617  2 57078.19098842 26.745
 245 236.627251  46.147191     1.160     1.160  2 57088.10662268 33.411
 246 236.620675  46.147496     1.224     1.261  4 57098.02228082 30.472
 248 236.618447  46.149641     1.573     1.602  4 57117.85358750 30.554
 249 236.618665  46.148173     2.076     2.066  4 57127.76923174 33.170
 250 236.620365  46.148140     2.100     2.033  5 57137.68487079 41.694
 251 236.621424  46.146926     1.633     1.615  4 57147.60050549 40.892
 252 236.625593  46.147572     0.800     0.876  3 57157.51613820 28.551
 253 236.625426  46.146742     0.933     0.857  3 57167.43178370 28.231
 254 236.625102  46.148589     1.255     1.307  3 57177.34744006 27.772
 255 236.623668  46.148135     1.897     2.046  3 57187.26309190 25.980
 256 236.621776  46.147171     1.646     1.822  4 57197.17873959 29.761
 257 236.620678  46.147579     1.416     1.617  4 57207.09437414 26.183
 258 236.620111  46.148197     1.120     1.009  5 57217.01001923 27.997
 260 236.621724  46.147338     0.807     0.819  3 57236.84130509 24.831
 261 236.624240  46.147910     0.781     0.662  3 57246.75694380 26.487
 262 236.625392  46.148161     1.103     0.923  3 57256.67257964 26.472
 263 236.625181  46.148007     1.749     1.842  3 57266.58821394 27.527
 264 236.622709  46.147211     1.582     1.614  3 57276.50385855 32.940
 265 236.620435  46.147396     0.735     0.695  5 57286.41951495 28.385
 266 236.619875  46.147317     0.962     0.836  4 57296.33516856 43.066
 267 236.620186  46.147713     1.161     1.140  5 57306.25081876 28.494
 268 236.620249  46.149601     1.952     1.964  4 57316.16646551 38.992
 269 236.617296  46.148831     2.328     2.328  4 57326.08210843 46.562
 270 236.617948  46.149373     1.370     1.335  4 57335.99774999 27.021
 271 236.619561  46.150077     1.589     1.615  4 57345.91339744 33.478
 272 236.619811  46.148507     1.000     0.945  4 57355.82904486 26.793
 273 236.621147  46.147905    78.362    82.137  4 57365.74468876  5.977
 274 236.621451  46.147316   155.391   153.216  4 57375.66032907  2.844
 276 236.624259  46.148512     0.974     0.974  2 57395.49160555 29.011
 277 236.626457  46.147374     1.641     1.709  3 57405.40724222 31.866
 278 236.627013  46.147860     1.713     1.364  3 57415.32289089 29.310
 279 236.624455  46.147738     0.828     0.857  3 57425.23854181 45.294
 282 236.617006  46.151091     3.002     3.137  4 57454.98548289 31.497
 285 236.626067  46.147467     1.058     0.915  3 57484.73240430 28.161
 286 236.628164  46.147709     1.085     1.034  3 57494.64803836 29.004
 288 236.624657  46.148476     1.709     2.044  3 57514.47932542 28.963
 289 236.622580  46.147297     1.433     1.462  4 57524.39497903 26.965
 290 236.623982  46.147211     0.886     1.018  3 57534.31063087 28.044
 291 236.625249  46.148092     0.820     0.850  3 57544.22627991 36.379
 292 236.622469  46.147230     1.395     1.418  3 57554.14192601 32.121
 293 236.619748  46.147426     1.666     1.717  4 57564.05757095 27.346
 294 236.619289  46.148555     2.015     2.050  4 57573.97321580 25.693
 295 236.619092  46.147415     0.844     0.930  4 57583.88885991 26.231
 296 236.622378  46.148610     0.666     0.695  4 57593.80450279 26.302
 297 236.622487  46.147495     0.708     0.773  4 57603.72014268 27.361
