#    1.183  12.121  74.884 ;Mean Elev.(m), Avg Gradient(m/km), RMS Gradient(m/km) - SRTM1     
#   10.080  11.401  74.761 ;Mean Elev.(m), Avg Gradient(m/km), RMS Gradient(m/km) - ASTER GDEM
#    9.086  11.597  74.541 ;Mean Elev.(m), Avg Gradient(m/km), RMS Gradient(m/km) - GMTED2010 
   3   -45.993 54682.91606994  7.12 236.756777  46.163730  3.060 -100.00 -100.00 -100.00
   3   -47.960 54682.91607053  7.25 236.758855  46.161522  3.936 -100.00 -100.00 -100.00
   3   -49.789 54682.91607112  6.82 236.760933  46.159314  3.249 -100.00 -100.00 -100.00
   3   -51.714 54682.91607171  6.74 236.763010  46.157106  3.143 -100.00 -100.00 -100.00
   3   -53.661 54682.91607230  6.09 236.765088  46.154898  2.942 -100.00 -100.00 -100.00
   3   -55.970 54682.91607289  6.48 236.767165  46.152690  2.713 -100.00 -100.00 -100.00
   7   -82.991 54722.57865288  5.59 236.756861  46.161092  2.745 -100.00 -100.00 -100.00
   7   -84.134 54722.57865347  5.96 236.758939  46.158884  3.067 -100.00 -100.00 -100.00
   7   -85.311 54722.57865406  6.24 236.761017  46.156676  3.764 -100.00 -100.00 -100.00
   7   -86.363 54722.57865465  5.67 236.763094  46.154468  3.291 -100.00 -100.00 -100.00
  16     1.835 54811.81943787 32.12 236.756465  46.162309 24.028 -100.00 -100.00 -100.00
  16     2.177 54811.81943846 35.62 236.758544  46.160101   -100 -100.00 -100.00 -100.00
  16     2.045 54811.81943905 29.95 236.760621  46.157893 23.864 -100.00 -100.00 -100.00
  16     2.239 54811.81943964 32.41 236.762699  46.155685 27.309 -100.00 -100.00 -100.00
  16     2.431 54811.81944023 37.60 236.764777  46.153477   -100 -100.00 -100.00 -100.00
  17     2.301 54821.73507987 20.91 236.758561  46.162359  7.860 -100.00 -100.00 -100.00
  17     2.086 54821.73508046 23.58 236.760639  46.160151 12.355 -100.00 -100.00 -100.00
  17     2.203 54821.73508105 24.89 236.762717  46.157943 14.823 -100.00 -100.00 -100.00
  17     2.223 54821.73508164 26.26 236.764795  46.155735 16.149 -100.00 -100.00 -100.00
  17     2.266 54821.73508223 29.57 236.766872  46.153527 25.547 -100.00 -100.00 -100.00
  18    44.614 54831.65073180  9.31 236.755146  46.163205  6.824 -100.00 -100.00 -100.00
  18    73.641 54831.65073239  7.02 236.757224  46.160998  6.830 -100.00 -100.00 -100.00
  18    73.670 54831.65073299  0.32 236.759302  46.158790  1.969 -100.00 -100.00 -100.00
  18    75.930 54831.65073358  0.63 236.761380  46.156582  2.213 -100.00 -100.00 -100.00
  18    77.194 54831.65073417  3.72 236.763457  46.154374  3.447 -100.00 -100.00 -100.00
  19     2.552 54841.56637094 37.74 236.753968  46.161300 20.683 -100.00 -100.00 -100.00
  19     2.518 54841.56637153 40.90 236.756046  46.159092 24.454 -100.00 -100.00 -100.00
  19     2.285 54841.56637212 46.98 236.758123  46.156884   -100 -100.00 -100.00 -100.00
  19     2.178 54841.56637271 51.25 236.760201  46.154676   -100 -100.00 -100.00 -100.00
  19     2.036 54841.56637330 54.05 236.762278  46.152469 15.109 -100.00 -100.00 -100.00
  20     1.215 54851.48202008 39.59 236.752951  46.160276   -100 -100.00 -100.00 -100.00
  20     1.089 54851.48202067 40.22 236.755028  46.158068   -100 -100.00 -100.00 -100.00
  20     0.904 54851.48202126 38.26 236.757106  46.155861   -100 -100.00 -100.00 -100.00
  20     1.068 54851.48202185 35.79 236.759183  46.153653 28.474 -100.00 -100.00 -100.00
  21     0.661 54861.39766844 41.94 236.752239  46.160863   -100 -100.00 -100.00 -100.00
  21     0.462 54861.39766903 43.72 236.754317  46.158655   -100 -100.00 -100.00 -100.00
  21     0.240 54861.39766962 43.06 236.756394  46.156447   -100 -100.00 -100.00 -100.00
  21     0.213 54861.39767021 41.68 236.758471  46.154240   -100 -100.00 -100.00 -100.00
  22     0.704 54871.31331726 23.13 236.753597  46.159587  6.933 -100.00 -100.00 -100.00
  22     0.866 54871.31331785 23.91 236.755675  46.157379  9.185 -100.00 -100.00 -100.00
  22     0.800 54871.31331844 26.04 236.757752  46.155171 11.691 -100.00 -100.00 -100.00
  22     0.832 54871.31331903 28.08 236.759829  46.152963 17.959 -100.00 -100.00 -100.00
  23   -13.836 54881.22896375 19.15 236.751846  46.160546  3.862 -100.00 -100.00 -100.00
  23   -11.175 54881.22896434 23.09 236.753924  46.158338  8.237 -100.00 -100.00 -100.00
  23    -8.591 54881.22896493 27.48 236.756001  46.156130 11.370 -100.00 -100.00 -100.00
  23    -4.885 54881.22896552 26.01 236.758079  46.153922  9.408 -100.00 -100.00 -100.00
  24     1.624 54891.14460770 48.15 236.751741  46.158476   -100 -100.00 -100.00 -100.00
  24     1.672 54891.14460829 48.00 236.753819  46.156268   -100 -100.00 -100.00 -100.00
  24     1.396 54891.14460888 38.28 236.755896  46.154060   -100 -100.00 -100.00 -100.00
  25     1.172 54901.06024806 38.12 236.748458  46.158781 23.693 -100.00 -100.00 -100.00
  25     1.206 54901.06024865 38.14 236.750536  46.156573 23.883 -100.00 -100.00 -100.00
  25     1.108 54901.06024924 38.41 236.752613  46.154366 26.038 -100.00 -100.00 -100.00
  25     1.012 54901.06024983 40.32 236.754691  46.152158   -100 -100.00 -100.00 -100.00
  26     0.888 54910.97588732 21.96 236.748655  46.157674  9.318 -100.00 -100.00 -100.00
  26     1.126 54910.97588792 21.47 236.750733  46.155466  8.672 -100.00 -100.00 -100.00
  26     1.196 54910.97588851 24.24 236.752811  46.153258 12.485 -100.00 -100.00 -100.00
  27     0.838 54920.89152511 41.02 236.749162  46.159289 25.949 -100.00 -100.00 -100.00
  27     0.821 54920.89152570 43.11 236.751239  46.157081 30.280 -100.00 -100.00 -100.00
  27     0.465 54920.89152629 47.77 236.753317  46.154873   -100 -100.00 -100.00 -100.00
  27     0.654 54920.89152688 49.91 236.755394  46.152665   -100 -100.00 -100.00 -100.00
  28     0.284 54930.80716297 35.05 236.752730  46.159550 32.000 -100.00 -100.00 -100.00
  28     0.513 54930.80716356 33.72 236.754808  46.157342 24.141 -100.00 -100.00 -100.00
  28     0.607 54930.80716415 34.28 236.756885  46.155134 25.362 -100.00 -100.00 -100.00
  28     0.817 54930.80716474 35.07 236.758963  46.152926 25.867 -100.00 -100.00 -100.00
  29     1.363 54940.72279991 27.72 236.757170  46.158255 18.723 -100.00 -100.00 -100.00
  29     1.150 54940.72280050 29.75 236.759248  46.156048 28.401 -100.00 -100.00 -100.00
  29     1.104 54940.72280109 32.11 236.761325  46.153840   -100 -100.00 -100.00 -100.00
  30     1.986 54950.63843493 34.53 236.759767  46.157396 25.624 -100.00 -100.00 -100.00
  30     1.756 54950.63843552 32.90 236.761844  46.155188 19.501 -100.00 -100.00 -100.00
  30     2.006 54950.63843611 29.77 236.763921  46.152981 13.981 -100.00 -100.00 -100.00
  31     2.025 54960.55407395 42.72 236.754791  46.161710 27.634 -100.00 -100.00 -100.00
  31     2.047 54960.55407455 45.02 236.756869  46.159502 32.753 -100.00 -100.00 -100.00
  31     2.032 54960.55407514 48.18 236.758947  46.157295   -100 -100.00 -100.00 -100.00
  31     2.122 54960.55407573 49.94 236.761025  46.155088   -100 -100.00 -100.00 -100.00
  31     2.205 54960.55407632 52.23 236.763102  46.152880   -100 -100.00 -100.00 -100.00
  32     1.119 54970.46972257 25.14 236.753542  46.161341 17.056 -100.00 -100.00 -100.00
  32     1.223 54970.46972316 25.29 236.755620  46.159134 16.071 -100.00 -100.00 -100.00
  32     1.342 54970.46972375 27.87 236.757698  46.156927 21.937 -100.00 -100.00 -100.00
  32     1.167 54970.46972434 30.62 236.759775  46.154719   -100 -100.00 -100.00 -100.00
  32     1.162 54970.46972493 32.03 236.761853  46.152512 32.000 -100.00 -100.00 -100.00
  33     0.866 54980.38537009 43.11 236.754878  46.160794   -100 -100.00 -100.00 -100.00
  33     0.949 54980.38537068 45.16 236.756956  46.158586   -100 -100.00 -100.00 -100.00
  33     1.252 54980.38537127 45.71 236.759033  46.156379   -100 -100.00 -100.00 -100.00
  33     1.277 54980.38537186 46.92 236.761111  46.154171   -100 -100.00 -100.00 -100.00
  34   -86.425 54990.30101673  3.94 236.754567  46.162398  2.887 -100.00 -100.00 -100.00
  34    -8.379 54990.30101732 14.87 236.756645  46.160190  9.033 -100.00 -100.00 -100.00
  34    89.104 54990.30101791 14.38 236.758723  46.157983 15.944 -100.00 -100.00 -100.00
  35     1.774 55000.21666421 25.50 236.756666  46.159514 15.944 -100.00 -100.00 -100.00
  35     1.834 55000.21666480 27.67 236.758743  46.157306 20.498 -100.00 -100.00 -100.00
  35     2.022 55000.21666539 28.22 236.760821  46.155098 19.024 -100.00 -100.00 -100.00
  35     2.150 55000.21666598 30.25 236.762898  46.152891 26.631 -100.00 -100.00 -100.00
  36     1.574 55010.13230909 26.03 236.755469  46.159598 25.711 -100.00 -100.00 -100.00
  36     1.938 55010.13230969 24.67 236.757547  46.157391 18.014 -100.00 -100.00 -100.00
  36     1.880 55010.13231028 29.71 236.759624  46.155183   -100 -100.00 -100.00 -100.00
  36     2.215 55010.13231087 29.62 236.761702  46.152975 29.592 -100.00 -100.00 -100.00
  37     1.285 55020.04795339 24.78 236.757979  46.156348 20.888 -100.00 -100.00 -100.00
  37     1.310 55020.04795398 28.40 236.760056  46.154141   -100 -100.00 -100.00 -100.00
  38     0.362 55029.96359458 21.24 236.754477  46.161181 15.300 -100.00 -100.00 -100.00
  38     0.465 55029.96359517 22.72 236.756555  46.158973 19.250 -100.00 -100.00 -100.00
  38     0.486 55029.96359576 24.99 236.758633  46.156765 22.531 -100.00 -100.00 -100.00
  38     0.299 55029.96359635 26.20 236.760710  46.154557 28.010 -100.00 -100.00 -100.00
  39    48.538 55039.87923621  5.21 236.754950  46.162712  4.360 -100.00 -100.00 -100.00
  39    47.503 55039.87923680 10.38 236.757028  46.160504  8.642 -100.00 -100.00 -100.00
  39    47.903 55039.87923739  9.11 236.759105  46.158296  6.527 -100.00 -100.00 -100.00
  39    47.643 55039.87923798 16.36 236.761183  46.156088 13.035 -100.00 -100.00 -100.00
  39    47.812 55039.87923857 17.56 236.763260  46.153880 10.423 -100.00 -100.00 -100.00
  40     0.305 55049.79487716 27.35 236.758193  46.162529 16.520 -100.00 -100.00 -100.00
  40     0.087 55049.79487775 27.82 236.760271  46.160321 19.155 -100.00 -100.00 -100.00
  40     0.420 55049.79487834 28.97 236.762349  46.158113 20.449 -100.00 -100.00 -100.00
  40     0.621 55049.79487893 31.97 236.764426  46.155905 30.059 -100.00 -100.00 -100.00
  40     0.997 55049.79487952 34.27 236.766503  46.153697 22.841 -100.00 -100.00 -100.00
  41     0.319 55059.71051540 30.36 236.758067  46.163989 28.250 -100.00 -100.00 -100.00
  41     0.588 55059.71051599 29.06 236.760145  46.161781 27.466 -100.00 -100.00 -100.00
  41     0.334 55059.71051658 31.38 236.762223  46.159573   -100 -100.00 -100.00 -100.00
  41     0.241 55059.71051717 32.75 236.764301  46.157365   -100 -100.00 -100.00 -100.00
  41     0.569 55059.71051776 29.79 236.766378  46.155157 27.698 -100.00 -100.00 -100.00
  43     1.322 55079.54180546 24.54 236.752547  46.161059 13.816 -100.00 -100.00 -100.00
  43     1.137 55079.54180605 24.03 236.754625  46.158851 12.903 -100.00 -100.00 -100.00
  43     1.437 55079.54180664 30.46 236.756703  46.156643 30.096 -100.00 -100.00 -100.00
  43     1.524 55079.54180723 29.53 236.758781  46.154435 27.126 -100.00 -100.00 -100.00
  44     0.058 55089.45745314 37.69 236.750768  46.158989   -100 -100.00 -100.00 -100.00
  44     0.128 55089.45745373 40.11 236.752846  46.156781   -100 -100.00 -100.00 -100.00
  44     0.311 55089.45745432 39.51 236.754924  46.154573   -100 -100.00 -100.00 -100.00
  44     0.617 55089.45745491 38.70 236.757002  46.152365   -100 -100.00 -100.00 -100.00
  45    -0.098 55099.37309911 30.85 236.750134  46.159393 26.334 -100.00 -100.00 -100.00
  45     0.059 55099.37309970 35.52 236.752212  46.157185   -100 -100.00 -100.00 -100.00
  45     0.361 55099.37310029 36.31 236.754289  46.154977   -100 -100.00 -100.00 -100.00
  45     0.901 55099.37310088 37.03 236.756367  46.152770 23.686 -100.00 -100.00 -100.00
  46     0.190 55109.28874490 38.05 236.752430  46.158967 26.508 -100.00 -100.00 -100.00
  46     1.289 55109.28874549 42.02 236.754507  46.156759 18.700 -100.00 -100.00 -100.00
  46     0.417 55109.28874608 51.35 236.756585  46.154551  0.208 -100.00 -100.00 -100.00
  46     0.332 55109.28874667 52.99 236.758662  46.152343   -100 -100.00 -100.00 -100.00
  48     1.735 55129.12003056 35.83 236.751437  46.159597 17.807 -100.00 -100.00 -100.00
  48     1.476 55129.12003115 35.68 236.753515  46.157389 16.089 -100.00 -100.00 -100.00
  48     1.439 55129.12003174 36.44 236.755593  46.155181 21.931 -100.00 -100.00 -100.00
  48     1.329 55129.12003234 37.83 236.757671  46.152973 23.546 -100.00 -100.00 -100.00
  49     0.696 55139.03567008 36.08 236.749134  46.159791   -100 -100.00 -100.00 -100.00
  49     0.966 55139.03567067 36.87 236.751213  46.157583 29.099 -100.00 -100.00 -100.00
  49     0.860 55139.03567126 38.80 236.753291  46.155375   -100 -100.00 -100.00 -100.00
  49     1.135 55139.03567185 38.48 236.755369  46.153167   -100 -100.00 -100.00 -100.00
  51     1.401 55158.86694773 39.81 236.755085  46.159359 24.676 -100.00 -100.00 -100.00
  51     1.654 55158.86694832 43.03 236.757163  46.157151 21.990 -100.00 -100.00 -100.00
  51     1.126 55158.86694891 47.02 236.759241  46.154943   -100 -100.00 -100.00 -100.00
  51     1.071 55158.86694950 51.46 236.761319  46.152735  3.060 -100.00 -100.00 -100.00
  52     0.960 55168.78258553 37.18 236.757290  46.162687 20.750 -100.00 -100.00 -100.00
  52     1.310 55168.78258612 40.10 236.759368  46.160479 22.916 -100.00 -100.00 -100.00
  52     1.102 55168.78258671 34.04 236.761446  46.158271 27.608 -100.00 -100.00 -100.00
  52     1.018 55168.78258730 34.73 236.763524  46.156063 29.818 -100.00 -100.00 -100.00
  52     1.201 55168.78258789 44.01 236.765601  46.153855  7.549 -100.00 -100.00 -100.00
  54    -0.134 55188.61386834 34.66 236.756631  46.164191 14.039 -100.00 -100.00 -100.00
  54     0.462 55188.61386893 34.37 236.758709  46.161983 14.187 -100.00 -100.00 -100.00
  54     1.695 55188.61386952 31.91 236.760786  46.159775 10.600 -100.00 -100.00 -100.00
  54     1.683 55188.61387011 33.49 236.762864  46.157567 14.075 -100.00 -100.00 -100.00
  54     1.524 55188.61387070 36.40 236.764942  46.155360 22.027 -100.00 -100.00 -100.00
  54     2.251 55188.61387129 40.92 236.767019  46.153152 25.861 -100.00 -100.00 -100.00
  55     2.291 55198.52951961 34.29 236.755096  46.161107 20.085 -100.00 -100.00 -100.00
  55     2.594 55198.52952020 37.97 236.757174  46.158900 26.913 -100.00 -100.00 -100.00
  55     2.658 55198.52952079 49.50 236.759251  46.156692   -100 -100.00 -100.00 -100.00
  55     2.509 55198.52952138 55.08 236.761329  46.154484  7.324 -100.00 -100.00 -100.00
  56     1.871 55208.44516926 24.63 236.753294  46.160949  8.781 -100.00 -100.00 -100.00
  56     1.055 55208.44516986 30.73 236.755372  46.158742 22.779 -100.00 -100.00 -100.00
  56     1.864 55208.44517045 26.30 236.757449  46.156534 12.029 -100.00 -100.00 -100.00
  56     1.885 55208.44517104 26.83 236.759526  46.154326 11.751 -100.00 -100.00 -100.00
  57     1.493 55218.36081867 42.06 236.754723  46.160233 25.819 -100.00 -100.00 -100.00
  57     1.111 55218.36081926 44.08 236.756801  46.158025   -100 -100.00 -100.00 -100.00
  57     1.331 55218.36081985 45.87 236.758878  46.155817   -100 -100.00 -100.00 -100.00
  57     1.359 55218.36082045 42.04 236.760955  46.153609   -100 -100.00 -100.00 -100.00
  58     0.920 55228.27646708 41.20 236.755047  46.159752 25.389 -100.00 -100.00 -100.00
  58     1.028 55228.27646767 45.41 236.757124  46.157544 27.308 -100.00 -100.00 -100.00
  58     0.821 55228.27646826 49.09 236.759201  46.155336   -100 -100.00 -100.00 -100.00
  58     0.470 55228.27646885 48.85 236.761278  46.153128  8.310 -100.00 -100.00 -100.00
  59     0.357 55238.19211208 35.45 236.752821  46.160212   -100 -100.00 -100.00 -100.00
  59     0.215 55238.19211267 37.45 236.754899  46.158004   -100 -100.00 -100.00 -100.00
  59     0.554 55238.19211326 39.70 236.756976  46.155796   -100 -100.00 -100.00 -100.00
  59     0.443 55238.19211385 41.24 236.759054  46.153588   -100 -100.00 -100.00 -100.00
  60    79.849 55248.10775372  1.61 236.750119  46.159474  4.031 -100.00 -100.00 -100.00
  60    76.684 55248.10775431  2.37 236.752197  46.157266  4.428 -100.00 -100.00 -100.00
  60    77.311 55248.10775490  3.28 236.754275  46.155058  4.820 -100.00 -100.00 -100.00
  60    74.725 55248.10775549  3.79 236.756352  46.152850  5.197 -100.00 -100.00 -100.00
  61     2.380 55258.02339313 24.81 236.747810  46.158566  8.568 -100.00 -100.00 -100.00
  61     2.371 55258.02339372 26.14 236.749888  46.156358 11.166 -100.00 -100.00 -100.00
  61     2.454 55258.02339431 29.33 236.751965  46.154150 18.683 -100.00 -100.00 -100.00
  61     2.605 55258.02339490 33.26 236.754043  46.151942 23.498 -100.00 -100.00 -100.00
  63    49.194 55277.85467056 15.82 236.750251  46.159626  9.000 -100.00 -100.00 -100.00
  63    47.019 55277.85467115 19.53 236.752329  46.157419 28.751 -100.00 -100.00 -100.00
  63    47.660 55277.85467174  3.72 236.754406  46.155211  6.585 -100.00 -100.00 -100.00
  63    48.753 55277.85467233  4.47 236.756484  46.153003  8.000 -100.00 -100.00 -100.00
  64     1.094 55287.77030835 42.81 236.754792  46.159695   -100 -100.00 -100.00 -100.00
  64     1.148 55287.77030894 45.47 236.756869  46.157488   -100 -100.00 -100.00 -100.00
  64     1.235 55287.77030953 47.34 236.758947  46.155280   -100 -100.00 -100.00 -100.00
  64     1.272 55287.77031012 49.51 236.761024  46.153072   -100 -100.00 -100.00 -100.00
  65     0.805 55297.68594320 42.14 236.756780  46.161651 24.841 -100.00 -100.00 -100.00
  65     0.618 55297.68594379 45.09 236.758858  46.159443   -100 -100.00 -100.00 -100.00
  65     0.448 55297.68594438 48.16 236.760935  46.157236   -100 -100.00 -100.00 -100.00
  65     0.610 55297.68594497 42.36 236.763013  46.155028   -100 -100.00 -100.00 -100.00
  65     0.408 55297.68594556 46.49 236.765090  46.152820  2.838 -100.00 -100.00 -100.00
  67     2.538 55317.51723210 31.85 236.752700  46.159203 14.494 -100.00 -100.00 -100.00
  67     2.007 55317.51723269 30.25 236.754777  46.156996 14.019 -100.00 -100.00 -100.00
  67     2.277 55317.51723328 30.37 236.756855  46.154789 14.848 -100.00 -100.00 -100.00
  67     2.512 55317.51723387 31.69 236.758932  46.152581 19.835 -100.00 -100.00 -100.00
  68     1.291 55327.43287727 22.62 236.751298  46.159000  7.077 -100.00 -100.00 -100.00
  68     1.420 55327.43287786 25.39 236.753376  46.156792 10.553 -100.00 -100.00 -100.00
  68     1.498 55327.43287845 28.26 236.755453  46.154585 18.089 -100.00 -100.00 -100.00
  68     1.567 55327.43287904 30.76 236.757531  46.152377 25.502 -100.00 -100.00 -100.00
  69     1.288 55337.34852166 37.08 236.753280  46.159396 29.261 -100.00 -100.00 -100.00
  69     2.264 55337.34852225 41.08 236.755357  46.157188 21.362 -100.00 -100.00 -100.00
  69     1.494 55337.34852284 53.15 236.757435  46.154981  2.318 -100.00 -100.00 -100.00
  69     1.587 55337.34852343 52.56 236.759512  46.152773   -100 -100.00 -100.00 -100.00
  70     1.401 55347.26416514 40.95 236.754737  46.161631 27.299 -100.00 -100.00 -100.00
  70     1.046 55347.26416573 43.67 236.756815  46.159423   -100 -100.00 -100.00 -100.00
  70     1.136 55347.26416632 44.74 236.758892  46.157216   -100 -100.00 -100.00 -100.00
  70     1.404 55347.26416691 46.13 236.760969  46.155008   -100 -100.00 -100.00 -100.00
  70     1.336 55347.26416750 47.38 236.763046  46.152800   -100 -100.00 -100.00 -100.00
  71     1.318 55357.17980751 23.63 236.756627  46.161526 13.245 -100.00 -100.00 -100.00
  71     1.465 55357.17980810 24.91 236.758705  46.159318 15.347 -100.00 -100.00 -100.00
  71     1.692 55357.17980869 24.82 236.760782  46.157110 14.801 -100.00 -100.00 -100.00
  71     1.676 55357.17980928 26.60 236.762860  46.154902 18.781 -100.00 -100.00 -100.00
  71     1.714 55357.17980987 30.25 236.764937  46.152695 31.455 -100.00 -100.00 -100.00
  72     1.261 55367.09544784 28.86 236.756870  46.160840 31.879 -100.00 -100.00 -100.00
  72     1.379 55367.09544843 31.06 236.758947  46.158632   -100 -100.00 -100.00 -100.00
  72     1.554 55367.09544902 31.25 236.761025  46.156425   -100 -100.00 -100.00 -100.00
  72     1.686 55367.09544961 32.17 236.763102  46.154217   -100 -100.00 -100.00 -100.00
  74     1.545 55386.92672418 18.63 236.755821  46.163339  9.517 -100.00 -100.00 -100.00
  74     1.756 55386.92672477 19.15 236.757899  46.161131  9.686 -100.00 -100.00 -100.00
  74     1.415 55386.92672536 22.55 236.759976  46.158923 16.097 -100.00 -100.00 -100.00
  74     1.775 55386.92672595 21.98 236.762054  46.156715 13.825 -100.00 -100.00 -100.00
  74     1.675 55386.92672654 24.99 236.764131  46.154507 21.550 -100.00 -100.00 -100.00
  75     0.407 55396.84236204 23.89 236.760146  46.162297 19.747 -100.00 -100.00 -100.00
  75     0.642 55396.84236264 24.51 236.762224  46.160089 19.764 -100.00 -100.00 -100.00
  77     0.233 55416.67365533 37.27 236.756746  46.164152   -100 -100.00 -100.00 -100.00
  77     0.445 55416.67365592 39.13 236.758824  46.161944   -100 -100.00 -100.00 -100.00
  77     0.518 55416.67365651 41.92 236.760902  46.159736   -100 -100.00 -100.00 -100.00
  77     0.010 55416.67365710 43.17 236.762980  46.157529  8.897 -100.00 -100.00 -100.00
  77     0.134 55416.67365769 44.99 236.765057  46.155321 16.924 -100.00 -100.00 -100.00
  77     0.147 55416.67365828 44.18 236.767134  46.153113 23.629 -100.00 -100.00 -100.00
  78     0.262 55426.58930372 27.07 236.754304  46.160509 20.176 -100.00 -100.00 -100.00
  78     0.194 55426.58930431 27.51 236.756382  46.158301 21.928 -100.00 -100.00 -100.00
  78     0.135 55426.58930490 32.66 236.758460  46.156093   -100 -100.00 -100.00 -100.00
  78     0.220 55426.58930549 34.14 236.760537  46.153885   -100 -100.00 -100.00 -100.00
  79     1.609 55436.50494865 21.97 236.750489  46.159634  5.994 -100.00 -100.00 -100.00
  79     1.524 55436.50494924 23.14 236.752566  46.157427  8.746 -100.00 -100.00 -100.00
  79     1.735 55436.50494983 24.97 236.754644  46.155219 11.560 -100.00 -100.00 -100.00
  79     1.976 55436.50495042 27.19 236.756722  46.153011 14.152 -100.00 -100.00 -100.00
  80    49.501 55446.42059224 23.14 236.749342  46.159320 14.455 -100.00 -100.00 -100.00
  80    49.933 55446.42059283 17.88 236.751420  46.157112  8.384 -100.00 -100.00 -100.00
  80    47.941 55446.42059342 22.66 236.753498  46.154904 32.049 -100.00 -100.00 -100.00
  80    46.747 55446.42059401 22.00 236.755576  46.152697   -100 -100.00 -100.00 -100.00
  81     1.278 55456.33623555 32.04 236.751757  46.158577 21.041 -100.00 -100.00 -100.00
  81     1.715 55456.33623614 29.27 236.753835  46.156369 13.029 -100.00 -100.00 -100.00
  81     1.659 55456.33623673 33.32 236.755912  46.154161 20.958 -100.00 -100.00 -100.00
  82     1.315 55466.25187773 39.05 236.753712  46.159838 21.039 -100.00 -100.00 -100.00
  82     0.433 55466.25187832 45.62 236.755790  46.157630   -100 -100.00 -100.00 -100.00
  82     0.438 55466.25187891 48.93 236.757867  46.155422 18.964 -100.00 -100.00 -100.00
  82     0.391 55466.25187950 50.20 236.759945  46.153214   -100 -100.00 -100.00 -100.00
  83     0.707 55476.16751688 40.16 236.755387  46.160544 24.718 -100.00 -100.00 -100.00
  83     0.653 55476.16751747 44.33 236.757465  46.158336 29.828 -100.00 -100.00 -100.00
  83     0.431 55476.16751806 49.69 236.759543  46.156128   -100 -100.00 -100.00 -100.00
  83     0.267 55476.16751865 51.79 236.761621  46.153920   -100 -100.00 -100.00 -100.00
  84     0.745 55486.08315273 37.71 236.755146  46.161262 26.683 -100.00 -100.00 -100.00
  84     1.095 55486.08315332 37.40 236.757224  46.159054 24.157 -100.00 -100.00 -100.00
  84     0.925 55486.08315391 43.15 236.759302  46.156846 32.064 -100.00 -100.00 -100.00
  84     0.791 55486.08315450 41.35 236.761380  46.154638   -100 -100.00 -100.00 -100.00
  84     0.565 55486.08315509 39.02 236.763458  46.152430 32.296 -100.00 -100.00 -100.00
  85     1.748 55495.99878658 23.06 236.754366  46.161593 11.888 -100.00 -100.00 -100.00
  85     2.012 55495.99878717 23.68 236.756444  46.159385 12.276 -100.00 -100.00 -100.00
  85     1.955 55495.99878776 26.44 236.758522  46.157177 19.239 -100.00 -100.00 -100.00
  85     2.175 55495.99878835 29.36 236.760600  46.154969 28.099 -100.00 -100.00 -100.00
  85     2.311 55495.99878894 29.00 236.762678  46.152761 22.832 -100.00 -100.00 -100.00
  86     2.001 55505.91442162 23.25 236.755802  46.161845 11.141 -100.00 -100.00 -100.00
  86     2.013 55505.91442221 26.49 236.757880  46.159638 17.275 -100.00 -100.00 -100.00
  86     2.297 55505.91442280 26.77 236.759959  46.157430 15.706 -100.00 -100.00 -100.00
  86     2.362 55505.91442339 27.14 236.762037  46.155222 16.608 -100.00 -100.00 -100.00
  86     2.656 55505.91442398 28.26 236.764115  46.153014 18.591 -100.00 -100.00 -100.00
  87     2.287 55515.83007224 36.55 236.755256  46.162255 15.288 -100.00 -100.00 -100.00
  87     2.322 55515.83007283 38.21 236.757335  46.160047 17.668 -100.00 -100.00 -100.00
  87     1.527 55515.83007342 50.65 236.759413  46.157839   -100 -100.00 -100.00 -100.00
  87     1.684 55515.83007401 50.71 236.761491  46.155631   -100 -100.00 -100.00 -100.00
  87     1.593 55515.83007460 52.34 236.763568  46.153423   -100 -100.00 -100.00 -100.00
  88     1.437 55525.74572225 28.25 236.756845  46.162325 15.705 -100.00 -100.00 -100.00
  88     0.911 55525.74572284 33.34 236.758923  46.160117   -100 -100.00 -100.00 -100.00
  88     1.146 55525.74572343 29.91 236.761001  46.157909 26.474 -100.00 -100.00 -100.00
  88     1.092 55525.74572402 28.03 236.763079  46.155701 21.151 -100.00 -100.00 -100.00
  88     1.132 55525.74572461 28.61 236.765156  46.153493 18.163 -100.00 -100.00 -100.00
  89     1.891 55535.66137020 39.17 236.756970  46.162112 17.109 -100.00 -100.00 -100.00
  89     1.751 55535.66137079 43.24 236.759048  46.159904 23.792 -100.00 -100.00 -100.00
  89     1.053 55535.66137138 54.03 236.761126  46.157696 13.959 -100.00 -100.00 -100.00
  89     1.101 55535.66137197 52.39 236.763203  46.155488 12.742 -100.00 -100.00 -100.00
  89     1.286 55535.66137256 54.36 236.765281  46.153280   -100 -100.00 -100.00 -100.00
  90     2.001 55545.57701585 39.36 236.755236  46.161725 21.086 -100.00 -100.00 -100.00
  90     2.113 55545.57701644 43.23 236.757314  46.159518 27.812 -100.00 -100.00 -100.00
  90     1.759 55545.57701703 47.54 236.759392  46.157310   -100 -100.00 -100.00 -100.00
  90     1.687 55545.57701763 50.70 236.761469  46.155102   -100 -100.00 -100.00 -100.00
  90     1.885 55545.57701822 53.22 236.763546  46.152894   -100 -100.00 -100.00 -100.00
  91    -1.712 55555.49265963 25.86 236.753616  46.160983  9.532 -100.00 -100.00 -100.00
  91     0.160 55555.49266022 31.13 236.755693  46.158775 14.812 -100.00 -100.00 -100.00
  91     2.263 55555.49266081 37.19 236.757771  46.156568 18.495 -100.00 -100.00 -100.00
  91     2.285 55555.49266140 40.97 236.759848  46.154360 27.691 -100.00 -100.00 -100.00
  92     1.622 55565.40830246 30.22 236.753744  46.160436 13.924 -100.00 -100.00 -100.00
  92     1.460 55565.40830305 34.62 236.755821  46.158229 28.603 -100.00 -100.00 -100.00
  92     1.996 55565.40830364 37.46 236.757899  46.156021 26.191 -100.00 -100.00 -100.00
  92     2.405 55565.40830423 38.48 236.759976  46.153813 22.321 -100.00 -100.00 -100.00
  93     1.417 55575.32394469 38.86 236.755823  46.160263 20.693 -100.00 -100.00 -100.00
  93     1.340 55575.32394528 39.81 236.757900  46.158055 28.449 -100.00 -100.00 -100.00
  93     1.365 55575.32394587 42.19 236.759978  46.155847   -100 -100.00 -100.00 -100.00
  93     1.266 55575.32394646 42.52 236.762055  46.153639   -100 -100.00 -100.00 -100.00
  94     1.795 55585.23958479 43.30 236.756137  46.161513   -100 -100.00 -100.00 -100.00
  94     1.823 55585.23958538 45.62 236.758215  46.159305   -100 -100.00 -100.00 -100.00
  94     1.697 55585.23958597 45.64 236.760293  46.157097   -100 -100.00 -100.00 -100.00
  94     1.968 55585.23958656 47.29 236.762370  46.154889   -100 -100.00 -100.00 -100.00
  94     1.835 55585.23958715 49.00 236.764447  46.152681  2.112 -100.00 -100.00 -100.00
  95     1.452 55595.15522182 40.21 236.756698  46.161516 24.002 -100.00 -100.00 -100.00
  95     1.291 55595.15522241 44.27 236.758776  46.159308   -100 -100.00 -100.00 -100.00
  95     0.846 55595.15522300 49.52 236.760853  46.157100 10.800 -100.00 -100.00 -100.00
  95     1.410 55595.15522359 49.83 236.762931  46.154893   -100 -100.00 -100.00 -100.00
  95     1.058 55595.15522419 51.22 236.765008  46.152685  1.636 -100.00 -100.00 -100.00
  98    53.282 55624.90212747  6.64 236.757306  46.162311  3.858 -100.00 -100.00 -100.00
  98    67.020 55624.90212806  2.67 236.759384  46.160103  4.249 -100.00 -100.00 -100.00
  98    67.913 55624.90212865  2.53 236.761462  46.157895  3.127 -100.00 -100.00 -100.00
  98    51.350 55624.90212924  5.74 236.763540  46.155688  3.742 -100.00 -100.00 -100.00
  98    49.039 55624.90212983  7.73 236.765617  46.153480  5.345 -100.00 -100.00 -100.00
  99    51.083 55634.81778016  5.01 236.756163  46.161754  6.987 -100.00 -100.00 -100.00
  99    64.412 55634.81778075  3.40 236.758241  46.159546  4.702 -100.00 -100.00 -100.00
  99    65.356 55634.81778134  2.80 236.760319  46.157339  4.286 -100.00 -100.00 -100.00
  99    66.762 55634.81778193  3.06 236.762397  46.155131  2.858 -100.00 -100.00 -100.00
  99    60.766 55634.81778252  4.26 236.764474  46.152923  3.182 -100.00 -100.00 -100.00
 100     1.646 55644.73343061 38.67 236.755259  46.161717 30.363 -100.00 -100.00 -100.00
 100     1.698 55644.73343120 40.37 236.757337  46.159509   -100 -100.00 -100.00 -100.00
 100     1.857 55644.73343179 41.81 236.759414  46.157301   -100 -100.00 -100.00 -100.00
 100     1.824 55644.73343238 43.17 236.761492  46.155094   -100 -100.00 -100.00 -100.00
 100     1.904 55644.73343297 43.85 236.763569  46.152886   -100 -100.00 -100.00 -100.00
 101     1.344 55654.64907827 32.25 236.754120  46.161469 13.922 -100.00 -100.00 -100.00
 101     1.537 55654.64907886 33.38 236.756198  46.159262 19.329 -100.00 -100.00 -100.00
 101     1.673 55654.64907945 35.83 236.758276  46.157054 24.303 -100.00 -100.00 -100.00
 101     1.577 55654.64908004 37.18 236.760353  46.154847 30.187 -100.00 -100.00 -100.00
 101     1.775 55654.64908063 37.36 236.762430  46.152639 28.324 -100.00 -100.00 -100.00
 102     0.727 55664.56472162 41.06 236.753750  46.160020   -100 -100.00 -100.00 -100.00
 102     0.936 55664.56472221 43.50 236.755828  46.157812   -100 -100.00 -100.00 -100.00
 102     1.061 55664.56472280 44.08 236.757905  46.155605   -100 -100.00 -100.00 -100.00
 102     1.058 55664.56472339 43.59 236.759982  46.153397   -100 -100.00 -100.00 -100.00
 103    49.096 55674.48036139 19.10 236.752172  46.160442 11.661 -100.00 -100.00 -100.00
 103    49.237 55674.48036198 22.26 236.754249  46.158235 17.439 -100.00 -100.00 -100.00
 103    47.022 55674.48036257 10.53 236.756327  46.156027 24.104 -100.00 -100.00 -100.00
 103    48.359 55674.48036316 13.96 236.758404  46.153820 25.358 -100.00 -100.00 -100.00
 104    49.433 55684.39599957 14.54 236.752893  46.160791  8.419 -100.00 -100.00 -100.00
 104    49.348 55684.39600016 16.11 236.754970  46.158584  9.895 -100.00 -100.00 -100.00
 104    49.463 55684.39600075 14.88 236.757048  46.156377  9.127 -100.00 -100.00 -100.00
 104    49.081 55684.39600134  8.57 236.759125  46.154169  6.888 -100.00 -100.00 -100.00
 105    49.693 55694.31163638 10.94 236.755441  46.162361  6.663 -100.00 -100.00 -100.00
 105    50.278 55694.31163697 13.50 236.757518  46.160154  7.861 -100.00 -100.00 -100.00
 105    49.024 55694.31163756 12.34 236.759596  46.157946  9.450 -100.00 -100.00 -100.00
 105    50.220 55694.31163816 10.05 236.761674  46.155739  7.209 -100.00 -100.00 -100.00
 105    49.359 55694.31163875 11.80 236.763751  46.153531  8.338 -100.00 -100.00 -100.00
 108     1.986 55724.05856672 21.01 236.758061  46.163138  9.910 -100.00 -100.00 -100.00
 108     1.985 55724.05856731 22.95 236.760139  46.160930 13.720 -100.00 -100.00 -100.00
 108     2.027 55724.05856790 23.95 236.762217  46.158722 14.598 -100.00 -100.00 -100.00
 108     1.936 55724.05856849 23.49 236.764294  46.156514 14.489 -100.00 -100.00 -100.00
 108     1.959 55724.05856908 27.48 236.766372  46.154306 21.476 -100.00 -100.00 -100.00
 109     1.224 55733.97421359 20.10 236.755400  46.162987  8.494 -100.00 -100.00 -100.00
 109     1.409 55733.97421418 24.18 236.757478  46.160779 17.293 -100.00 -100.00 -100.00
 109     1.562 55733.97421477 25.32 236.759556  46.158571 20.172 -100.00 -100.00 -100.00
 109     1.449 55733.97421536 27.07 236.761633  46.156364 26.398 -100.00 -100.00 -100.00
 109     1.439 55733.97421595 27.92 236.763711  46.154156 27.040 -100.00 -100.00 -100.00
 110    53.544 55743.88985961  4.05 236.754782  46.162223  5.035 -100.00 -100.00 -100.00
 110    52.498 55743.88986020  6.02 236.756860  46.160015  5.267 -100.00 -100.00 -100.00
 110    51.079 55743.88986079  9.11 236.758937  46.157807 10.084 -100.00 -100.00 -100.00
 110    48.529 55743.88986138  9.25 236.761015  46.155599 10.752 -100.00 -100.00 -100.00
 110    48.731 55743.88986197  8.27 236.763092  46.153391 10.102 -100.00 -100.00 -100.00
 111   -11.003 55753.80550446 15.62 236.755576  46.161063  6.246 -100.00 -100.00 -100.00
 111   -10.351 55753.80550505 15.45 236.757654  46.158855  5.934 -100.00 -100.00 -100.00
 111    -9.622 55753.80550564 15.19 236.759732  46.156647  5.157 -100.00 -100.00 -100.00
 111    -8.748 55753.80550623 15.21 236.761809  46.154439  4.948 -100.00 -100.00 -100.00
 112     1.252 55763.72114697 27.16 236.756468  46.160377 19.807 -100.00 -100.00 -100.00
 112     1.495 55763.72114756 31.29 236.758545  46.158169 30.587 -100.00 -100.00 -100.00
 112     1.807 55763.72114815 32.17 236.760623  46.155961 29.867 -100.00 -100.00 -100.00
 112     1.669 55763.72114875 33.42 236.762700  46.153753   -100 -100.00 -100.00 -100.00
 113     1.555 55773.63678647 43.51 236.756170  46.160274 25.769 -100.00 -100.00 -100.00
 113     1.558 55773.63678706 46.58 236.758248  46.158067   -100 -100.00 -100.00 -100.00
 113     1.521 55773.63678765 49.24 236.760325  46.155859   -100 -100.00 -100.00 -100.00
 113     1.460 55773.63678824 52.69 236.762403  46.153651   -100 -100.00 -100.00 -100.00
 114    48.134 55783.55242261 16.94 236.755945  46.159599 11.069 -100.00 -100.00 -100.00
 114    46.846 55783.55242320 19.84 236.758023  46.157391 19.503 -100.00 -100.00 -100.00
 114    47.369 55783.55242379 19.54 236.760101  46.155184   -100 -100.00 -100.00 -100.00
 114    46.266 55783.55242438 19.75 236.762178  46.152976   -100 -100.00 -100.00 -100.00
 115    48.581 55793.46805538 15.51 236.754877  46.162524 11.592 -100.00 -100.00 -100.00
 115    47.958 55793.46805597 10.27 236.756955  46.160317  7.124 -100.00 -100.00 -100.00
 115    47.592 55793.46805656 19.15 236.759033  46.158109 17.027 -100.00 -100.00 -100.00
 115    47.284 55793.46805715 19.98 236.761111  46.155901  9.406 -100.00 -100.00 -100.00
 115    47.400 55793.46805774 21.27 236.763189  46.153694 25.019 -100.00 -100.00 -100.00
 117     1.447 55813.29934036 25.80 236.757182  46.163309 15.140 -100.00 -100.00 -100.00
 117     1.756 55813.29934095 26.34 236.759260  46.161101 15.602 -100.00 -100.00 -100.00
 117     1.974 55813.29934154 25.13 236.761338  46.158894 12.054 -100.00 -100.00 -100.00
 117     1.691 55813.29934213 25.04 236.763416  46.156686 13.106 -100.00 -100.00 -100.00
 117     1.757 55813.29934272 27.60 236.765493  46.154478 17.482 -100.00 -100.00 -100.00
 118    53.886 55823.21498767  5.62 236.755764  46.163983  2.979 -100.00 -100.00 -100.00
 118    64.737 55823.21498827  5.84 236.757842  46.161775  2.950 -100.00 -100.00 -100.00
 118    65.498 55823.21498886  3.44 236.759920  46.159567  2.632 -100.00 -100.00 -100.00
 118    66.033 55823.21498945  3.51 236.761998  46.157359  2.985 -100.00 -100.00 -100.00
 118    65.795 55823.21499004  6.32 236.764076  46.155151  3.291 -100.00 -100.00 -100.00
 118    48.856 55823.21499063  7.40 236.766154  46.152943  3.988 -100.00 -100.00 -100.00
 119     1.090 55833.13063094 23.69 236.756706  46.162045  5.539 -100.00 -100.00 -100.00
 119     1.104 55833.13063153 25.43 236.758784  46.159837  6.905 -100.00 -100.00 -100.00
 119     1.265 55833.13063212 26.67 236.760862  46.157629 10.040 -100.00 -100.00 -100.00
 119     1.116 55833.13063271 29.21 236.762940  46.155421 14.350 -100.00 -100.00 -100.00
 119     1.063 55833.13063330 29.18 236.765018  46.153213 13.014 -100.00 -100.00 -100.00
 120     0.452 55843.04626954 22.53 236.756352  46.162161 11.132 -100.00 -100.00 -100.00
 120     0.614 55843.04627013 24.27 236.758430  46.159953 16.665 -100.00 -100.00 -100.00
 120     0.840 55843.04627072 24.72 236.760508  46.157745 13.705 -100.00 -100.00 -100.00
 120     0.910 55843.04627131 27.34 236.762586  46.155537 22.169 -100.00 -100.00 -100.00
 120     0.888 55843.04627190 29.50 236.764664  46.153329 27.825 -100.00 -100.00 -100.00
 121     1.035 55852.96190672 32.97 236.762222  46.157430 23.457 -100.00 -100.00 -100.00
 121     1.081 55852.96190731 31.91 236.764300  46.155222 18.852 -100.00 -100.00 -100.00
 121     0.935 55852.96190790 33.21 236.766378  46.153014 26.530 -100.00 -100.00 -100.00
 123    48.872 55872.79319562 14.52 236.758734  46.162242 12.110 -100.00 -100.00 -100.00
 123    47.513 55872.79319621  6.50 236.760813  46.160034  9.655 -100.00 -100.00 -100.00
 123    47.846 55872.79319680  7.58 236.762890  46.157826 11.971 -100.00 -100.00 -100.00
 123    46.671 55872.79319739 18.63 236.764968  46.155618 25.181 -100.00 -100.00 -100.00
 123    47.263 55872.79319798 15.68 236.767046  46.153410 11.299 -100.00 -100.00 -100.00
 124     1.912 55882.70884490 39.97 236.758155  46.162765   -100 -100.00 -100.00 -100.00
 124     1.658 55882.70884549 40.69 236.760233  46.160557   -100 -100.00 -100.00 -100.00
 124     1.999 55882.70884608 41.69 236.762311  46.158349   -100 -100.00 -100.00 -100.00
 124     1.877 55882.70884667 44.17 236.764389  46.156141   -100 -100.00 -100.00 -100.00
 124     1.938 55882.70884726 45.83 236.766466  46.153933   -100 -100.00 -100.00 -100.00
 125     1.914 55892.62448793 35.30 236.758550  46.162687 21.546 -100.00 -100.00 -100.00
 125     1.591 55892.62448852 37.87 236.760628  46.160480 26.516 -100.00 -100.00 -100.00
 125     1.711 55892.62448911 37.85 236.762706  46.158272 28.423 -100.00 -100.00 -100.00
 125     1.555 55892.62448970 39.47 236.764784  46.156064   -100 -100.00 -100.00 -100.00
 125     1.736 55892.62449030 40.95 236.766861  46.153856   -100 -100.00 -100.00 -100.00
 128    45.547 55922.37141488  9.07 236.756298  46.164288 10.980 -100.00 -100.00 -100.00
 128    45.090 55922.37141547  9.44 236.758376  46.162080 10.428 -100.00 -100.00 -100.00
 128    46.716 55922.37141606  7.49 236.760453  46.159872  7.583 -100.00 -100.00 -100.00
 128    46.243 55922.37141665  9.94 236.762531  46.157665 12.292 -100.00 -100.00 -100.00
 128    55.044 55922.37141724  3.98 236.764608  46.155457  6.059 -100.00 -100.00 -100.00
 128    47.508 55922.37141783  8.09 236.766685  46.153249 10.505 -100.00 -100.00 -100.00
 129     1.258 55932.28706674 34.85 236.756355  46.161434 25.177 -100.00 -100.00 -100.00
 129     2.019 55932.28706733 41.51 236.758433  46.159226 22.596 -100.00 -100.00 -100.00
 129     1.403 55932.28706792 51.55 236.760510  46.157018  1.776 -100.00 -100.00 -100.00
 129     1.434 55932.28706851 49.14 236.762588  46.154810  6.779 -100.00 -100.00 -100.00
 129     1.289 55932.28706910 53.63 236.764665  46.152602 13.987 -100.00 -100.00 -100.00
 130     1.651 55942.20271411 32.71 236.755597  46.159571 10.473 -100.00 -100.00 -100.00
 130     1.770 55942.20271470 39.04 236.757675  46.157363 25.494 -100.00 -100.00 -100.00
 130     1.754 55942.20271529 40.21 236.759752  46.155155 28.090 -100.00 -100.00 -100.00
 130     1.738 55942.20271588 42.71 236.761830  46.152947   -100 -100.00 -100.00 -100.00
 131     2.926 55952.11835665 41.60 236.753096  46.159426 22.115 -100.00 -100.00 -100.00
 131     2.349 55952.11835724 45.89 236.755174  46.157218   -100 -100.00 -100.00 -100.00
 131     2.331 55952.11835783 50.91 236.757252  46.155010   -100 -100.00 -100.00 -100.00
 131     2.253 55952.11835842 51.60 236.759329  46.152802  4.425 -100.00 -100.00 -100.00
 132     1.415 55962.03399597 38.36 236.752050  46.159278 30.593 -100.00 -100.00 -100.00
 132     1.076 55962.03399656 41.15 236.754128  46.157070   -100 -100.00 -100.00 -100.00
 132     0.838 55962.03399715 39.00 236.756206  46.154862   -100 -100.00 -100.00 -100.00
 132     1.395 55962.03399774 34.85 236.758283  46.152654 29.425 -100.00 -100.00 -100.00
 133     1.018 55971.94963358 39.24 236.753521  46.159245 24.107 -100.00 -100.00 -100.00
 133     0.785 55971.94963417 42.50 236.755599  46.157038   -100 -100.00 -100.00 -100.00
 133     0.825 55971.94963476 45.81 236.757677  46.154830   -100 -100.00 -100.00 -100.00
 133     0.694 55971.94963535 46.79 236.759755  46.152622   -100 -100.00 -100.00 -100.00
 134    78.759 55981.86526960  5.57 236.755314  46.162101  4.539 -100.00 -100.00 -100.00
 134    72.962 55981.86527019  6.14 236.757392  46.159893  5.472 -100.00 -100.00 -100.00
 134    49.442 55981.86527078  9.13 236.759470  46.157685  8.435 -100.00 -100.00 -100.00
 134    73.863 55981.86527137 13.16 236.761547  46.155478 14.316 -100.00 -100.00 -100.00
 134    70.880 55981.86527196 15.75 236.763624  46.153270 15.989 -100.00 -100.00 -100.00
 136     2.299 56001.69655187 25.58 236.757980  46.162823  8.720 -100.00 -100.00 -100.00
 136     2.635 56001.69655246 25.67 236.760058  46.160616  7.090 -100.00 -100.00 -100.00
 136     2.682 56001.69655305 27.64 236.762135  46.158408 10.070 -100.00 -100.00 -100.00
 136     2.610 56001.69655364 27.80 236.764213  46.156201  8.976 -100.00 -100.00 -100.00
 136     2.507 56001.69655423 30.87 236.766290  46.153993 15.158 -100.00 -100.00 -100.00
 137     1.933 56011.61220243 38.51 236.755418  46.160324 29.806 -100.00 -100.00 -100.00
 137     2.153 56011.61220302 40.32 236.757496  46.158116 30.708 -100.00 -100.00 -100.00
 137     2.201 56011.61220361 38.97 236.759573  46.155909 25.024 -100.00 -100.00 -100.00
 137     2.178 56011.61220420 42.15 236.761651  46.153701   -100 -100.00 -100.00 -100.00
 138     2.663 56021.52784894 40.43 236.753199  46.159298 26.182 -100.00 -100.00 -100.00
 138     2.783 56021.52784953 42.68 236.755276  46.157090 28.359 -100.00 -100.00 -100.00
 138     2.775 56021.52785012 45.95 236.757354  46.154883 31.189 -100.00 -100.00 -100.00
 138     2.644 56021.52785071 48.82 236.759431  46.152675   -100 -100.00 -100.00 -100.00
 139     2.225 56031.44349219 41.75 236.752391  46.159876 22.532 -100.00 -100.00 -100.00
 139     2.080 56031.44349278 44.67 236.754469  46.157669 27.379 -100.00 -100.00 -100.00
 139     1.538 56031.44349337 44.48 236.756546  46.155461   -100 -100.00 -100.00 -100.00
 139     1.609 56031.44349396 43.09 236.758623  46.153254   -100 -100.00 -100.00 -100.00
 140     1.232 56041.35913362 30.15 236.755096  46.160112   -100 -100.00 -100.00 -100.00
 140     1.410 56041.35913421 31.59 236.757174  46.157905   -100 -100.00 -100.00 -100.00
 140     1.673 56041.35913480 33.79 236.759251  46.155697   -100 -100.00 -100.00 -100.00
 140     1.592 56041.35913539 34.72 236.761328  46.153489   -100 -100.00 -100.00 -100.00
 141     2.083 56051.27477183 24.08 236.755307  46.163733 10.537 -100.00 -100.00 -100.00
 141     2.235 56051.27477242 24.96 236.757385  46.161526 11.929 -100.00 -100.00 -100.00
 141     2.248 56051.27477301 27.46 236.759462  46.159318 15.846 -100.00 -100.00 -100.00
 141     2.408 56051.27477360 27.57 236.761539  46.157110 16.682 -100.00 -100.00 -100.00
 141     2.462 56051.27477419 28.09 236.763617  46.154902 15.136 -100.00 -100.00 -100.00
 141     2.532 56051.27477478 31.73 236.765694  46.152695 25.994 -100.00 -100.00 -100.00
 142     2.587 56061.19040812 41.33 236.758454  46.164084 25.811 -100.00 -100.00 -100.00
 142     2.196 56061.19040871 38.94 236.760532  46.161877 22.338 -100.00 -100.00 -100.00
 142     2.026 56061.19040930 39.13 236.762609  46.159669 23.034 -100.00 -100.00 -100.00
 144     1.357 56081.02169672 21.99 236.757637  46.162440 15.480 -100.00 -100.00 -100.00
 144     1.315 56081.02169731 25.77 236.759715  46.160232 22.739 -100.00 -100.00 -100.00
 144     1.527 56081.02169790 22.86 236.761793  46.158024 15.352 -100.00 -100.00 -100.00
 144     1.627 56081.02169849 25.16 236.763870  46.155816 18.598 -100.00 -100.00 -100.00
 144     1.494 56081.02169908 29.43 236.765947  46.153608   -100 -100.00 -100.00 -100.00
 145    48.324 56090.93734476 13.06 236.756290  46.161679 10.722 -100.00 -100.00 -100.00
 145    47.090 56090.93734535 12.65 236.758368  46.159471 17.116 -100.00 -100.00 -100.00
 145    48.551 56090.93734594 18.53 236.760445  46.157263 14.106 -100.00 -100.00 -100.00
 145    49.011 56090.93734653 18.40 236.762523  46.155055 11.715 -100.00 -100.00 -100.00
 145    47.539 56090.93734712 24.29 236.764600  46.152847   -100 -100.00 -100.00 -100.00
 146     1.332 56100.85299051 36.85 236.756551  46.161652 30.034 -100.00 -100.00 -100.00
 146     1.192 56100.85299110 39.26 236.758629  46.159444   -100 -100.00 -100.00 -100.00
 146     1.637 56100.85299169 40.37 236.760706  46.157236 26.127 -100.00 -100.00 -100.00
 146     1.690 56100.85299228 42.78 236.762784  46.155028 29.123 -100.00 -100.00 -100.00
 146     1.448 56100.85299287 46.98 236.764861  46.152820   -100 -100.00 -100.00 -100.00
 147     1.621 56110.76862193 31.87 236.755859  46.162349 30.424 -100.00 -100.00 -100.00
 147     1.416 56110.76862252 34.84 236.757937  46.160141   -100 -100.00 -100.00 -100.00
 147     1.326 56110.76862311 30.16 236.760014  46.157934 30.133 -100.00 -100.00 -100.00
 147     1.513 56110.76862370 31.40 236.762092  46.155726   -100 -100.00 -100.00 -100.00
 147     1.434 56110.76862429 29.75 236.764169  46.153518 26.413 -100.00 -100.00 -100.00
 148     0.659 56120.68426225 25.34 236.756811  46.160649 17.831 -100.00 -100.00 -100.00
 148     1.794 56120.68426284 26.02 236.758889  46.158442 18.528 -100.00 -100.00 -100.00
 148     1.648 56120.68426343 30.33 236.760966  46.156234 31.471 -100.00 -100.00 -100.00
 148     1.789 56120.68426402 31.28 236.763044  46.154026 32.239 -100.00 -100.00 -100.00
 150     1.836 56140.51553178 33.93 236.755348  46.162399 22.197 -100.00 -100.00 -100.00
 150     1.819 56140.51553237 33.99 236.757426  46.160191 21.404 -100.00 -100.00 -100.00
 150     1.477 56140.51553296 34.23 236.759504  46.157984 26.729 -100.00 -100.00 -100.00
 150     1.444 56140.51553355 36.39 236.761581  46.155776 32.512 -100.00 -100.00 -100.00
 150     1.336 56140.51553414 36.99 236.763659  46.153568   -100 -100.00 -100.00 -100.00
 151     0.444 56150.43118290 37.11 236.754890  46.160674   -100 -100.00 -100.00 -100.00
 151     0.503 56150.43118349 37.78 236.756968  46.158467   -100 -100.00 -100.00 -100.00
 151     0.827 56150.43118408 36.31 236.759045  46.156259 30.972 -100.00 -100.00 -100.00
 151     0.721 56150.43118467 42.78 236.761123  46.154051   -100 -100.00 -100.00 -100.00
 153     0.640 56170.26247938 23.70 236.758061  46.159782  9.028 -100.00 -100.00 -100.00
 153     0.905 56170.26247997 23.75 236.760138  46.157575  8.136 -100.00 -100.00 -100.00
 153     0.781 56170.26248056 25.91 236.762216  46.155367 12.620 -100.00 -100.00 -100.00
 153     0.622 56170.26248115 30.09 236.764293  46.153159 25.242 -100.00 -100.00 -100.00
 154     1.299 56180.17812223 20.71 236.755743  46.161484  8.782 -100.00 -100.00 -100.00
 154     1.270 56180.17812282 23.33 236.757821  46.159276 15.409 -100.00 -100.00 -100.00
 154     1.321 56180.17812341 25.95 236.759899  46.157068 21.759 -100.00 -100.00 -100.00
 154     1.361 56180.17812400 28.44 236.761976  46.154860 32.317 -100.00 -100.00 -100.00
 154     1.663 56180.17812459 29.55 236.764054  46.152652   -100 -100.00 -100.00 -100.00
 155     1.673 56190.09376144 20.29 236.753946  46.161454  8.822 -100.00 -100.00 -100.00
 155     1.704 56190.09376203 22.65 236.756025  46.159246 14.286 -100.00 -100.00 -100.00
 155     1.908 56190.09376262 24.47 236.758103  46.157039 16.670 -100.00 -100.00 -100.00
 155     1.782 56190.09376321 25.31 236.760181  46.154831 19.369 -100.00 -100.00 -100.00
 155     2.144 56190.09376380 25.92 236.762258  46.152623 19.907 -100.00 -100.00 -100.00
 156     1.675 56200.00939816 24.80 236.754304  46.160623 21.478 -100.00 -100.00 -100.00
 156     1.656 56200.00939875 21.79 236.756382  46.158415 15.234 -100.00 -100.00 -100.00
 156     1.714 56200.00939934 23.70 236.758461  46.156207 17.333 -100.00 -100.00 -100.00
 156     1.926 56200.00939993 24.12 236.760538  46.153999 17.572 -100.00 -100.00 -100.00
 157     0.271 56209.92503237 22.01 236.756951  46.162092 15.963 -100.00 -100.00 -100.00
 157     0.561 56209.92503296 24.05 236.759030  46.159884 20.713 -100.00 -100.00 -100.00
 157     0.704 56209.92503355 23.91 236.761108  46.157676 19.069 -100.00 -100.00 -100.00
 157     0.545 56209.92503414 26.47 236.763186  46.155468 26.853 -100.00 -100.00 -100.00
 157     0.586 56209.92503473 28.38 236.765264  46.153260   -100 -100.00 -100.00 -100.00
 161    52.282 56249.58761740 15.14 236.757083  46.162609  8.516 -100.00 -100.00 -100.00
 161    49.681 56249.58761799 10.34 236.759161  46.160401  8.792 -100.00 -100.00 -100.00
 161    45.772 56249.58761976  8.64 236.765394  46.153777  7.513 -100.00 -100.00 -100.00
 162     1.558 56259.50326231 26.04 236.756041  46.161275 16.366 -100.00 -100.00 -100.00
 162     1.601 56259.50326290 26.82 236.758119  46.159067 18.019 -100.00 -100.00 -100.00
 162     1.834 56259.50326349 26.89 236.760197  46.156859 18.368 -100.00 -100.00 -100.00
 162     1.897 56259.50326408 29.84 236.762274  46.154651 25.738 -100.00 -100.00 -100.00
 163     1.771 56269.41890400 39.75 236.755766  46.162205 24.327 -100.00 -100.00 -100.00
 163     1.862 56269.41890459 43.90 236.757844  46.159997 28.294 -100.00 -100.00 -100.00
 163     1.730 56269.41890518 47.63 236.759921  46.157789   -100 -100.00 -100.00 -100.00
 163     1.646 56269.41890577 51.89 236.761999  46.155581 11.056 -100.00 -100.00 -100.00
 163     1.447 56269.41890636 51.76 236.764076  46.153373   -100 -100.00 -100.00 -100.00
 164     1.868 56279.33454384 39.51 236.756142  46.163603 25.856 -100.00 -100.00 -100.00
 164     1.860 56279.33454443 41.87 236.758220  46.161395 26.225 -100.00 -100.00 -100.00
 164     1.885 56279.33454502 45.97 236.760298  46.159187 30.070 -100.00 -100.00 -100.00
 164     1.580 56279.33454561 51.22 236.762375  46.156979   -100 -100.00 -100.00 -100.00
 164     1.224 56279.33454620 50.94 236.764452  46.154771 14.863 -100.00 -100.00 -100.00
 166     2.314 56299.16584294 36.95 236.754588  46.159851 16.333 -100.00 -100.00 -100.00
 166     1.913 56299.16584353 41.58 236.756665  46.157643 29.790 -100.00 -100.00 -100.00
 166     1.384 56299.16584412 36.64 236.758743  46.155435   -100 -100.00 -100.00 -100.00
 166     1.293 56299.16584471 33.15 236.760821  46.153227 31.717 -100.00 -100.00 -100.00
 168     1.489 56318.99712887 35.99 236.749184  46.159634 13.719 -100.00 -100.00 -100.00
 168     1.433 56318.99712946 36.64 236.751262  46.157426 15.075 -100.00 -100.00 -100.00
 168     1.775 56318.99713005 37.93 236.753340  46.155218 19.995 -100.00 -100.00 -100.00
 168     1.835 56318.99713064 38.67 236.755418  46.153010 24.982 -100.00 -100.00 -100.00
 169     1.231 56328.91277059 28.40 236.752165  46.158377 15.848 -100.00 -100.00 -100.00
 169     1.717 56328.91277118 26.78 236.754242  46.156169 10.166 -100.00 -100.00 -100.00
 169     1.492 56328.91277177 31.73 236.756320  46.153961 23.960 -100.00 -100.00 -100.00
 170    47.982 56338.82841071 18.34 236.754132  46.161145 10.687 -100.00 -100.00 -100.00
 170    48.141 56338.82841130 23.94 236.756210  46.158937 13.632 -100.00 -100.00 -100.00
 170    46.542 56338.82841189 28.43 236.758288  46.156730   -100 -100.00 -100.00 -100.00
 170    47.066 56338.82841248 14.88 236.760365  46.154522   -100 -100.00 -100.00 -100.00
 171     1.044 56348.74404895 19.36 236.756610  46.163619  5.813 -100.00 -100.00 -100.00
 171     1.179 56348.74404954 20.52 236.758688  46.161411  6.085 -100.00 -100.00 -100.00
 171     1.450 56348.74405013 20.96 236.760766  46.159204  7.345 -100.00 -100.00 -100.00
 171     1.552 56348.74405072 21.93 236.762843  46.156996  7.007 -100.00 -100.00 -100.00
 171     1.339 56348.74405131 25.24 236.764920  46.154788 12.310 -100.00 -100.00 -100.00
 172     1.763 56358.65968488 39.94 236.759439  46.162688 25.082 -100.00 -100.00 -100.00
 172     2.086 56358.65968547 44.72 236.761516  46.160481 29.597 -100.00 -100.00 -100.00
 172     1.405 56358.65968606 52.26 236.763594  46.158273 17.441 -100.00 -100.00 -100.00
 172     1.749 56358.65968665 52.17 236.765672  46.156065  9.947 -100.00 -100.00 -100.00
 173    49.081 56368.57533594  9.26 236.755756  46.159698  5.733 -100.00 -100.00 -100.00
 173    68.888 56368.57533653  0.82 236.757833  46.157491  2.722 -100.00 -100.00 -100.00
 173    69.161 56368.57533712  0.26 236.759911  46.155283  2.478 -100.00 -100.00 -100.00
 173    46.382 56368.57533771 10.78 236.761988  46.153076  8.720 -100.00 -100.00 -100.00
 175     2.351 56388.40662890 35.96 236.751375  46.159745 27.018 -100.00 -100.00 -100.00
 175     2.570 56388.40662949 36.17 236.753452  46.157538 23.002 -100.00 -100.00 -100.00
 175     1.970 56388.40663008 32.80 236.755530  46.155330 24.880 -100.00 -100.00 -100.00
 175     1.819 56388.40663067 42.34 236.757607  46.153123 15.744 -100.00 -100.00 -100.00
 176     1.110 56398.32227215 33.79 236.754503  46.161103 26.762 -100.00 -100.00 -100.00
 176     1.206 56398.32227274 35.64 236.756580  46.158895   -100 -100.00 -100.00 -100.00
 176     1.364 56398.32227333 37.12 236.758657  46.156688 32.232 -100.00 -100.00 -100.00
 176     1.344 56398.32227392 38.91 236.760735  46.154480   -100 -100.00 -100.00 -100.00
 177     0.890 56408.23791276 34.59 236.757043  46.163060   -100 -100.00 -100.00 -100.00
 177     0.587 56408.23791335 35.84 236.759121  46.160853   -100 -100.00 -100.00 -100.00
 177     0.851 56408.23791394 37.49 236.761198  46.158645   -100 -100.00 -100.00 -100.00
 177     1.052 56408.23791453 39.76 236.763275  46.156437   -100 -100.00 -100.00 -100.00
 177     0.788 56408.23791512 40.86 236.765352  46.154229   -100 -100.00 -100.00 -100.00
 178     1.309 56418.15354954 38.62 236.759500  46.163079 25.898 -100.00 -100.00 -100.00
 178     0.839 56418.15355013 41.91 236.761578  46.160871   -100 -100.00 -100.00 -100.00
 180     1.977 56437.98483554 24.77 236.756930  46.161137 17.443 -100.00 -100.00 -100.00
 180     1.929 56437.98483613 25.63 236.759008  46.158929 18.743 -100.00 -100.00 -100.00
 180     2.143 56437.98483672 27.30 236.761085  46.156721 20.849 -100.00 -100.00 -100.00
 180     2.204 56437.98483731 27.78 236.763163  46.154513 20.041 -100.00 -100.00 -100.00
 181     1.261 56447.90048693 21.26 236.754674  46.160132  7.630 -100.00 -100.00 -100.00
 181     1.582 56447.90048752 24.77 236.756752  46.157924 13.126 -100.00 -100.00 -100.00
 181     1.283 56447.90048811 27.78 236.758829  46.155716 21.410 -100.00 -100.00 -100.00
 181     1.563 56447.90048870 27.75 236.760907  46.153508 21.709 -100.00 -100.00 -100.00
 182     0.228 56457.81613619 36.55 236.754423  46.160241   -100 -100.00 -100.00 -100.00
 182     0.364 56457.81613678 37.72 236.756500  46.158033 31.841 -100.00 -100.00 -100.00
 182     0.571 56457.81613737 39.79 236.758578  46.155825   -100 -100.00 -100.00 -100.00
 182     0.504 56457.81613796 41.72 236.760655  46.153617   -100 -100.00 -100.00 -100.00
 183     1.129 56467.73178250 40.40 236.754897  46.159206   -100 -100.00 -100.00 -100.00
 183     1.180 56467.73178309 42.86 236.756974  46.156998   -100 -100.00 -100.00 -100.00
 183     1.192 56467.73178368 45.01 236.759052  46.154790   -100 -100.00 -100.00 -100.00
 183     1.550 56467.73178427 46.28 236.761129  46.152582 31.683 -100.00 -100.00 -100.00
 184     0.479 56477.64742396 22.27 236.752290  46.160862 12.710 -100.00 -100.00 -100.00
 184     0.525 56477.64742455 24.81 236.754368  46.158654 16.525 -100.00 -100.00 -100.00
 184     0.584 56477.64742514 26.87 236.756445  46.156446 22.594 -100.00 -100.00 -100.00
 184     0.455 56477.64742573 29.22 236.758523  46.154239   -100 -100.00 -100.00 -100.00
 185     1.491 56487.56306244 25.29 236.752740  46.159329 11.705 -100.00 -100.00 -100.00
 185     1.510 56487.56306304 27.62 236.754818  46.157121 17.352 -100.00 -100.00 -100.00
 185     1.456 56487.56306363 30.59 236.756895  46.154914 28.304 -100.00 -100.00 -100.00
 185     1.630 56487.56306422 32.43 236.758973  46.152706 32.465 -100.00 -100.00 -100.00
 186     1.746 56497.47869800 27.51 236.754048  46.159144 17.296 -100.00 -100.00 -100.00
 186     2.141 56497.47869859 26.99 236.756125  46.156937 13.952 -100.00 -100.00 -100.00
 186     2.106 56497.47869919 28.61 236.758203  46.154729 22.095 -100.00 -100.00 -100.00
 186     2.393 56497.47869978 32.97 236.760280  46.152522   -100 -100.00 -100.00 -100.00
 187    44.658 56507.39433141  9.88 236.754946  46.162806  7.576 -100.00 -100.00 -100.00
 187    48.938 56507.39433200  6.51 236.757024  46.160599  4.815 -100.00 -100.00 -100.00
 187    51.223 56507.39433259  2.68 236.759102  46.158391  3.266 -100.00 -100.00 -100.00
 187    51.206 56507.39433318  4.30 236.761180  46.156183  3.723 -100.00 -100.00 -100.00
 187    49.710 56507.39433377  5.09 236.763257  46.153976  3.671 -100.00 -100.00 -100.00
 189     0.667 56527.22562238 27.06 236.760066  46.162461 26.748 -100.00 -100.00 -100.00
 189     0.788 56527.22562297 25.61 236.762144  46.160253 19.678 -100.00 -100.00 -100.00
 190     0.297 56537.14127201 23.97 236.757924  46.162277 13.403 -100.00 -100.00 -100.00
 190     0.432 56537.14127260 25.47 236.760002  46.160069 16.173 -100.00 -100.00 -100.00
 190     0.488 56537.14127319 27.91 236.762080  46.157861 25.222 -100.00 -100.00 -100.00
 190     0.618 56537.14127378 30.71 236.764158  46.155653   -100 -100.00 -100.00 -100.00
 190     0.667 56537.14127437 33.02 236.766236  46.153445   -100 -100.00 -100.00 -100.00
 192    -8.647 56556.97256154 16.18 236.753483  46.159585  3.091 -100.00 -100.00 -100.00
 192    -8.363 56556.97256213 16.31 236.755561  46.157377  3.519 -100.00 -100.00 -100.00
 192    -8.027 56556.97256272 15.32 236.757639  46.155169  2.870 -100.00 -100.00 -100.00
 192    -7.594 56556.97256331 15.43 236.759717  46.152961  3.235 -100.00 -100.00 -100.00
 193     1.311 56566.88820406 26.67 236.753698  46.160533 12.195 -100.00 -100.00 -100.00
 193     1.504 56566.88820465 28.45 236.755776  46.158325 15.184 -100.00 -100.00 -100.00
 193     0.504 56566.88820524 33.82 236.757854  46.156117   -100 -100.00 -100.00 -100.00
 193     1.679 56566.88820583 33.64 236.759931  46.153909 30.103 -100.00 -100.00 -100.00
 194     0.474 56576.80384556 40.21 236.756954  46.161842   -100 -100.00 -100.00 -100.00
 194     0.809 56576.80384615 41.52 236.759031  46.159634   -100 -100.00 -100.00 -100.00
 194     0.927 56576.80384674 43.01 236.761109  46.157426   -100 -100.00 -100.00 -100.00
 194     0.806 56576.80384733 44.79 236.763187  46.155217   -100 -100.00 -100.00 -100.00
 194     0.794 56576.80384792 47.16 236.765264  46.153009  9.875 -100.00 -100.00 -100.00
 197     1.094 56606.55077536 34.27 236.757443  46.163214 24.899 -100.00 -100.00 -100.00
 197     1.107 56606.55077595 39.03 236.759521  46.161006 25.020 -100.00 -100.00 -100.00
 197     1.069 56606.55077654 50.19 236.761599  46.158798  8.572 -100.00 -100.00 -100.00
 197     1.058 56606.55077713 37.18 236.763676  46.156590   -100 -100.00 -100.00 -100.00
 197     0.899 56606.55077773 41.21 236.765754  46.154382  7.863 -100.00 -100.00 -100.00
 199     1.816 56626.38206644 37.04 236.755759  46.160013 22.834 -100.00 -100.00 -100.00
 199     1.621 56626.38206703 42.12 236.757837  46.157805   -100 -100.00 -100.00 -100.00
 199     1.779 56626.38206762 44.13 236.759915  46.155597   -100 -100.00 -100.00 -100.00
 199     1.734 56626.38206821 46.37 236.761992  46.153389   -100 -100.00 -100.00 -100.00
 200     1.334 56636.29770681 39.82 236.755904  46.161714 25.580 -100.00 -100.00 -100.00
 200     1.030 56636.29770741 43.10 236.757982  46.159506   -100 -100.00 -100.00 -100.00
 200     1.047 56636.29770800 39.05 236.760059  46.157298 29.882 -100.00 -100.00 -100.00
 200     0.848 56636.29770859 33.81 236.762137  46.155090 21.468 -100.00 -100.00 -100.00
 200     0.748 56636.29770918 32.61 236.764214  46.152882 18.710 -100.00 -100.00 -100.00
 201    -0.038 56646.21334675 39.74 236.757473  46.162472   -100 -100.00 -100.00 -100.00
 201     0.463 56646.21334734 39.30 236.759551  46.160264   -100 -100.00 -100.00 -100.00
 201     0.586 56646.21334793 42.12 236.761629  46.158056   -100 -100.00 -100.00 -100.00
 201     0.895 56646.21334852 42.91 236.763707  46.155848   -100 -100.00 -100.00 -100.00
 201     0.772 56646.21334912 45.00 236.765784  46.153640   -100 -100.00 -100.00 -100.00
 202     0.180 56656.12899919 37.72 236.755833  46.160017   -100 -100.00 -100.00 -100.00
 202     0.426 56656.12899978 37.92 236.757911  46.157809   -100 -100.00 -100.00 -100.00
 202     0.460 56656.12900037 39.13 236.759989  46.155601   -100 -100.00 -100.00 -100.00
 202     0.217 56656.12900096 40.73 236.762067  46.153393   -100 -100.00 -100.00 -100.00
 203     0.999 56666.04464693 40.88 236.752712  46.159208 28.561 -100.00 -100.00 -100.00
 203     0.717 56666.04464752 41.35 236.754790  46.157001   -100 -100.00 -100.00 -100.00
 203     0.789 56666.04464811 37.41 236.756868  46.154793 25.922 -100.00 -100.00 -100.00
 203     0.869 56666.04464870 45.06 236.758945  46.152585   -100 -100.00 -100.00 -100.00
 204     2.379 56675.96029200 37.03 236.750278  46.160011 26.587 -100.00 -100.00 -100.00
 204     2.469 56675.96029259 38.26 236.752356  46.157803 24.078 -100.00 -100.00 -100.00
 204     2.129 56675.96029318 36.21 236.754434  46.155595 23.223 -100.00 -100.00 -100.00
 204     2.166 56675.96029377 35.42 236.756512  46.153387 24.059 -100.00 -100.00 -100.00
 205     1.497 56685.87593683 29.14 236.752084  46.159252 26.701 -100.00 -100.00 -100.00
 205     1.772 56685.87593742 30.86 236.754162  46.157044   -100 -100.00 -100.00 -100.00
 205     1.982 56685.87593801 29.47 236.756239  46.154837 28.901 -100.00 -100.00 -100.00
 205     1.939 56685.87593860 31.64 236.758317  46.152629   -100 -100.00 -100.00 -100.00
 206     1.088 56695.79157950 27.56 236.754468  46.160174 31.690 -100.00 -100.00 -100.00
 206     1.597 56695.79158009 30.21 236.756546  46.157966 29.985 -100.00 -100.00 -100.00
 206     1.667 56695.79158068 30.78 236.758623  46.155758   -100 -100.00 -100.00 -100.00
 206     1.725 56695.79158127 29.52 236.760701  46.153550 28.793 -100.00 -100.00 -100.00
 208     1.184 56715.62285015 38.03 236.759432  46.162752 32.655 -100.00 -100.00 -100.00
 208     0.947 56715.62285074 41.01 236.761510  46.160544   -100 -100.00 -100.00 -100.00
 208     1.342 56715.62285133 41.90 236.763588  46.158336   -100 -100.00 -100.00 -100.00
 209    54.562 56725.53850399 18.71 236.755985  46.159837  7.693 -100.00 -100.00 -100.00
 209   270.124 56725.53850517  1.20 236.760140  46.155422  4.525 -100.00 -100.00 -100.00
 210     2.314 56735.45415340 36.27 236.752381  46.159410 18.660 -100.00 -100.00 -100.00
 210     2.078 56735.45415399 36.52 236.754458  46.157202 19.372 -100.00 -100.00 -100.00
 210     2.081 56735.45415458 33.87 236.756536  46.154995 12.004 -100.00 -100.00 -100.00
 210     2.215 56735.45415517 35.73 236.758613  46.152787 17.809 -100.00 -100.00 -100.00
 212     1.608 56755.28544109 30.66 236.754688  46.161850 22.073 -100.00 -100.00 -100.00
 212     1.561 56755.28544168 33.78 236.756765  46.159643   -100 -100.00 -100.00 -100.00
 212     1.608 56755.28544227 34.19 236.758842  46.157435 32.168 -100.00 -100.00 -100.00
 212     1.565 56755.28544286 33.43 236.760919  46.155227 30.665 -100.00 -100.00 -100.00
 212     1.682 56755.28544345 33.91 236.762996  46.153019   -100 -100.00 -100.00 -100.00
 213     1.849 56765.20107716 22.40 236.758122  46.163978  9.111 -100.00 -100.00 -100.00
 213     1.632 56765.20107775 23.12 236.760199  46.161770 11.451 -100.00 -100.00 -100.00
 213     1.996 56765.20107834 25.82 236.762277  46.159562 13.839 -100.00 -100.00 -100.00
 213     1.857 56765.20107893 28.90 236.764354  46.157355 19.479 -100.00 -100.00 -100.00
 213     1.624 56765.20107952 28.33 236.766431  46.155147 21.082 -100.00 -100.00 -100.00
 215     0.884 56785.03237233 21.53 236.756303  46.160694 13.863 -100.00 -100.00 -100.00
 215     1.001 56785.03237292 23.82 236.758381  46.158486 17.175 -100.00 -100.00 -100.00
 215     0.984 56785.03237351 26.27 236.760458  46.156278 23.660 -100.00 -100.00 -100.00
 215     1.081 56785.03237410 26.05 236.762535  46.154070 20.672 -100.00 -100.00 -100.00
 216     0.782 56794.94802506 24.59 236.750946  46.160665 22.112 -100.00 -100.00 -100.00
 216     1.005 56794.94802565 27.69 236.753023  46.158457 32.038 -100.00 -100.00 -100.00
 216     1.325 56794.94802624 28.66 236.755101  46.156249 30.888 -100.00 -100.00 -100.00
 216     1.532 56794.94802683 30.22 236.757178  46.154041 29.423 -100.00 -100.00 -100.00
 217     1.259 56804.86367496 30.19 236.750514  46.158309   -100 -100.00 -100.00 -100.00
 217     1.960 56804.86367555 31.22 236.752591  46.156102 27.077 -100.00 -100.00 -100.00
 217     2.140 56804.86367614 33.19 236.754669  46.153894 29.488 -100.00 -100.00 -100.00
 218     1.144 56814.77931717 20.23 236.750045  46.160082 11.414 -100.00 -100.00 -100.00
 218     1.461 56814.77931776 21.98 236.752122  46.157874 13.014 -100.00 -100.00 -100.00
 218     1.684 56814.77931835 23.82 236.754200  46.155667 16.326 -100.00 -100.00 -100.00
 218     1.664 56814.77931894 27.33 236.756277  46.153459 23.610 -100.00 -100.00 -100.00
 221     1.299 56844.52622330 41.02 236.754978  46.162045 23.648 -100.00 -100.00 -100.00
 221     1.358 56844.52622389 44.26 236.757056  46.159837 29.160 -100.00 -100.00 -100.00
 221     0.942 56844.52622448 49.42 236.759134  46.157630   -100 -100.00 -100.00 -100.00
 221     1.172 56844.52622507 50.46 236.761211  46.155422   -100 -100.00 -100.00 -100.00
 221     0.971 56844.52622566 52.53 236.763289  46.153214   -100 -100.00 -100.00 -100.00
 222     1.341 56854.44186782 25.39 236.755478  46.161663 14.029 -100.00 -100.00 -100.00
 222     1.442 56854.44186841 25.43 236.757556  46.159456 12.185 -100.00 -100.00 -100.00
 222     1.477 56854.44186900 28.07 236.759634  46.157248 18.419 -100.00 -100.00 -100.00
 222     1.665 56854.44186959 30.84 236.761711  46.155040 27.403 -100.00 -100.00 -100.00
 222     1.346 56854.44187018 31.84 236.763789  46.152833   -100 -100.00 -100.00 -100.00
 223     1.315 56864.35752168 33.80 236.755670  46.159578 23.119 -100.00 -100.00 -100.00
 223     1.697 56864.35752227 33.04 236.757748  46.157370 21.572 -100.00 -100.00 -100.00
 223     1.877 56864.35752286 33.50 236.759826  46.155163 24.650 -100.00 -100.00 -100.00
 223     1.929 56864.35752345 38.77 236.761903  46.152955   -100 -100.00 -100.00 -100.00
 225     1.040 56884.18882377 32.95 236.753221  46.159499 24.348 -100.00 -100.00 -100.00
 225     1.317 56884.18882436 32.67 236.755299  46.157291 20.762 -100.00 -100.00 -100.00
 225     1.419 56884.18882495 33.80 236.757376  46.155083 21.501 -100.00 -100.00 -100.00
 225     1.547 56884.18882554 35.80 236.759454  46.152875 29.337 -100.00 -100.00 -100.00
 226     0.533 56894.10446987 19.98 236.751373  46.160251 10.225 -100.00 -100.00 -100.00
 226     0.502 56894.10447046 23.78 236.753451  46.158043 19.067 -100.00 -100.00 -100.00
 226     0.748 56894.10447105 26.54 236.755529  46.155835 23.692 -100.00 -100.00 -100.00
 226     1.049 56894.10447164 25.03 236.757606  46.153627 20.352 -100.00 -100.00 -100.00
 227     0.944 56904.02011359 22.75 236.752109  46.158258 15.658 -100.00 -100.00 -100.00
 227     0.291 56904.02011418 26.94 236.754187  46.156050 29.237 -100.00 -100.00 -100.00
 227     0.394 56904.02011478 28.49 236.756265  46.153842   -100 -100.00 -100.00 -100.00
 228     0.972 56913.93575499 26.81 236.752006  46.158449 12.496 -100.00 -100.00 -100.00
 228     1.021 56913.93575558 29.21 236.754084  46.156241 18.022 -100.00 -100.00 -100.00
 228     1.037 56913.93575617 30.56 236.756161  46.154033 21.333 -100.00 -100.00 -100.00
 229     0.875 56923.85139437 23.72 236.752216  46.161140 15.071 -100.00 -100.00 -100.00
 229     1.468 56923.85139496 22.58 236.754294  46.158932 11.862 -100.00 -100.00 -100.00
 229     1.259 56923.85139555 26.28 236.756372  46.156724 21.671 -100.00 -100.00 -100.00
 229     1.453 56923.85139614 28.79 236.758449  46.154516 31.074 -100.00 -100.00 -100.00
 229     1.735 56923.85139673 30.42 236.760526  46.152307 29.537 -100.00 -100.00 -100.00
 230     1.323 56933.76703214 23.44 236.756960  46.161225 18.533 -100.00 -100.00 -100.00
 230     1.324 56933.76703273 23.53 236.759038  46.159016 17.180 -100.00 -100.00 -100.00
 230     1.526 56933.76703332 29.21 236.761116  46.156808 30.297 -100.00 -100.00 -100.00
 230     1.650 56933.76703391 29.04 236.763193  46.154600 28.470 -100.00 -100.00 -100.00
 232     1.391 56953.59831118 36.66 236.759342  46.163074   -100 -100.00 -100.00 -100.00
 232     1.300 56953.59831177 36.10 236.761420  46.160867 29.685 -100.00 -100.00 -100.00
 232     1.068 56953.59831236 35.41 236.763498  46.158659 32.431 -100.00 -100.00 -100.00
 233     0.704 56963.51396172 40.93 236.756847  46.160888 30.546 -100.00 -100.00 -100.00
 233     0.699 56963.51396231 43.21 236.758924  46.158680   -100 -100.00 -100.00 -100.00
 233     0.697 56963.51396291 45.23 236.761002  46.156472   -100 -100.00 -100.00 -100.00
 233     0.482 56963.51396350 46.33 236.763079  46.154264   -100 -100.00 -100.00 -100.00
 234    -0.078 56973.42960702 30.00 236.754786  46.160571 22.846 -100.00 -100.00 -100.00
 234     0.019 56973.42960761 30.21 236.756863  46.158364 20.787 -100.00 -100.00 -100.00
 234     0.129 56973.42960820 34.67 236.758941  46.156156   -100 -100.00 -100.00 -100.00
 234     0.270 56973.42960879 34.25 236.761018  46.153948 28.706 -100.00 -100.00 -100.00
 235     1.537 56983.34524968 34.09 236.761248  46.154678   -100 -100.00 -100.00 -100.00
 235     1.754 56983.34525027 34.21 236.763325  46.152470   -100 -100.00 -100.00 -100.00
 236    49.918 56993.26088403 13.54 236.756934  46.162562 11.766 -100.00 -100.00 -100.00
 236    49.154 56993.26088462 10.67 236.759012  46.160354  9.947 -100.00 -100.00 -100.00
 236    49.475 56993.26088521 10.43 236.761090  46.158146 10.734 -100.00 -100.00 -100.00
 236    48.418 56993.26088580 17.07 236.763168  46.155938 19.643 -100.00 -100.00 -100.00
 236    49.147 56993.26088639 18.59 236.765245  46.153730 14.931 -100.00 -100.00 -100.00
 237     2.078 57003.17652031 23.56 236.758807  46.162936  9.169 -100.00 -100.00 -100.00
 237     2.077 57003.17652090 25.24 236.760886  46.160728 10.199 -100.00 -100.00 -100.00
 237     2.332 57003.17652150 25.75 236.762964  46.158520 10.333 -100.00 -100.00 -100.00
 237     2.250 57003.17652209 28.37 236.765041  46.156312 16.165 -100.00 -100.00 -100.00
 237     2.227 57003.17652268 27.73 236.767119  46.154104 14.823 -100.00 -100.00 -100.00
 238     1.362 57013.09217711 32.87 236.756138  46.159613 24.781 -100.00 -100.00 -100.00
 238     1.908 57013.09217770 32.05 236.758216  46.157406 19.676 -100.00 -100.00 -100.00
 238     1.960 57013.09217829 33.44 236.760294  46.155198 20.261 -100.00 -100.00 -100.00
 238     2.167 57013.09217889 35.48 236.762372  46.152990 27.767 -100.00 -100.00 -100.00
 239     1.573 57023.00782784 39.11 236.752177  46.160149 22.640 -100.00 -100.00 -100.00
 239     1.624 57023.00782843 40.93 236.754255  46.157941 27.841 -100.00 -100.00 -100.00
 239     1.197 57023.00782902 45.20 236.756333  46.155734   -100 -100.00 -100.00 -100.00
 239     1.063 57023.00782961 44.37 236.758411  46.153526   -100 -100.00 -100.00 -100.00
 240     1.130 57032.92347652 29.79 236.751927  46.160476 22.972 -100.00 -100.00 -100.00
 240     1.128 57032.92347711 28.04 236.754005  46.158268 15.724 -100.00 -100.00 -100.00
 240     1.006 57032.92347770 30.52 236.756082  46.156060 24.179 -100.00 -100.00 -100.00
 240     0.926 57032.92347829 31.86 236.758160  46.153852 28.779 -100.00 -100.00 -100.00
 241     2.990 57042.83912360 35.59 236.754656  46.159483 12.147 -100.00 -100.00 -100.00
 241     2.495 57042.83912419 40.71 236.756734  46.157275 23.096 -100.00 -100.00 -100.00
 241     2.569 57042.83912478 42.30 236.758812  46.155067   -100 -100.00 -100.00 -100.00
 241     2.793 57042.83912537 46.51 236.760889  46.152859   -100 -100.00 -100.00 -100.00
 243     2.481 57062.67040769 35.17 236.755148  46.161351   -100 -100.00 -100.00 -100.00
 243     2.646 57062.67040829 33.49 236.757226  46.159144 22.919 -100.00 -100.00 -100.00
 243     2.331 57062.67040888 34.67 236.759303  46.156936 28.166 -100.00 -100.00 -100.00
 243     2.371 57062.67040947 33.94 236.761381  46.154728 24.936 -100.00 -100.00 -100.00
 243     2.513 57062.67041006 32.48 236.763458  46.152520 17.107 -100.00 -100.00 -100.00
 244     2.069 57072.58604224 42.30 236.755583  46.162368 26.841 -100.00 -100.00 -100.00
 244     2.216 57072.58604283 45.28 236.757660  46.160161 32.271 -100.00 -100.00 -100.00
 244     1.969 57072.58604342 48.47 236.759738  46.157953   -100 -100.00 -100.00 -100.00
 244     2.238 57072.58604401 50.02 236.761815  46.155745   -100 -100.00 -100.00 -100.00
 244     1.978 57072.58604460 53.25 236.763893  46.153538  3.549 -100.00 -100.00 -100.00
 245     0.515 57082.50167267 36.09 236.757474  46.164270 25.897 -100.00 -100.00 -100.00
 245     0.757 57082.50167326 37.86 236.759552  46.162062 28.821 -100.00 -100.00 -100.00
 245     0.664 57082.50167385 39.49 236.761629  46.159855   -100 -100.00 -100.00 -100.00
 245     0.588 57082.50167445 42.35 236.763707  46.157647   -100 -100.00 -100.00 -100.00
 245     0.828 57082.50167504 41.82 236.765784  46.155440   -100 -100.00 -100.00 -100.00
 245     1.102 57082.50167563 42.62 236.767861  46.153232   -100 -100.00 -100.00 -100.00
 246     1.231 57092.41731933 39.15 236.758130  46.164102 28.444 -100.00 -100.00 -100.00
 246     1.997 57092.41731992 41.09 236.760208  46.161895 17.805 -100.00 -100.00 -100.00
 246     1.418 57092.41732051 53.04 236.762285  46.159687   -100 -100.00 -100.00 -100.00
 246     1.341 57092.41732110 53.13 236.764363  46.157479   -100 -100.00 -100.00 -100.00
 247     1.477 57102.33297654 35.53 236.757397  46.162732 29.315 -100.00 -100.00 -100.00
 247     2.675 57102.33297713 38.29 236.759474  46.160524 15.082 -100.00 -100.00 -100.00
 247     1.525 57102.33297772 49.54 236.761552  46.158316  2.294 -100.00 -100.00 -100.00
 247     1.661 57102.33297831 40.91 236.763629  46.156108  0.723 -100.00 -100.00 -100.00
 247     1.544 57102.33297890 32.96 236.765705  46.153901 23.374 -100.00 -100.00 -100.00
 248     1.864 57112.24862988 44.93 236.756293  46.162499   -100 -100.00 -100.00 -100.00
 248     1.324 57112.24863047 45.34 236.758370  46.160291   -100 -100.00 -100.00 -100.00
 248     1.429 57112.24863106 46.45 236.760448  46.158084   -100 -100.00 -100.00 -100.00
 248     1.494 57112.24863166 47.78 236.762525  46.155876   -100 -100.00 -100.00 -100.00
 248     1.647 57112.24863225 49.58 236.764602  46.153668   -100 -100.00 -100.00 -100.00
 250     1.222 57132.07991982 28.18 236.755953  46.159780 18.637 -100.00 -100.00 -100.00
 250     1.279 57132.07992041 30.63 236.758030  46.157572 26.669 -100.00 -100.00 -100.00
 250     1.493 57132.07992100 32.75 236.760108  46.155365   -100 -100.00 -100.00 -100.00
 250     1.485 57132.07992159 32.11 236.762185  46.153157   -100 -100.00 -100.00 -100.00
 251     0.595 57141.99555646 21.08 236.754497  46.162074 11.382 -100.00 -100.00 -100.00
 251     1.040 57141.99555705 20.39 236.756575  46.159866  8.506 -100.00 -100.00 -100.00
 251     0.769 57141.99555764 24.54 236.758652  46.157658 18.261 -100.00 -100.00 -100.00
 251     0.699 57141.99555823 26.45 236.760730  46.155450 22.401 -100.00 -100.00 -100.00
 251     1.163 57141.99555882 25.99 236.762807  46.153243 19.039 -100.00 -100.00 -100.00
 252    -0.144 57151.91119065 32.00 236.756499  46.163338   -100 -100.00 -100.00 -100.00
 252    -0.371 57151.91119124 31.46 236.758577  46.161130 29.336 -100.00 -100.00 -100.00
 252     0.534 57151.91119183 29.38 236.760655  46.158923 21.558 -100.00 -100.00 -100.00
 252     0.291 57151.91119242 30.28 236.762732  46.156715 27.604 -100.00 -100.00 -100.00
 252     0.218 57151.91119301 33.58 236.764810  46.154507   -100 -100.00 -100.00 -100.00
 254     1.369 57171.74247887 17.23 236.756654  46.164068  7.050 -100.00 -100.00 -100.00
 254     1.455 57171.74247946 18.45 236.758732  46.161860  7.304 -100.00 -100.00 -100.00
 254     1.410 57171.74248005 22.51 236.760809  46.159652 12.778 -100.00 -100.00 -100.00
 254     1.198 57171.74248064 25.91 236.762887  46.157445 22.952 -100.00 -100.00 -100.00
 254     1.094 57171.74248123 28.07 236.764964  46.155237 28.203 -100.00 -100.00 -100.00
 254     1.231 57171.74248182 28.99 236.767041  46.153029 29.630 -100.00 -100.00 -100.00
 255     1.540 57181.65813435 20.74 236.755737  46.159891  9.678 -100.00 -100.00 -100.00
 255     1.573 57181.65813494 23.54 236.757815  46.157684 15.098 -100.00 -100.00 -100.00
 255     1.789 57181.65813553 23.42 236.759893  46.155476 12.825 -100.00 -100.00 -100.00
 255     1.649 57181.65813612 26.48 236.761970  46.153268 22.590 -100.00 -100.00 -100.00
 256     1.146 57191.57378473 25.32 236.751141  46.160220 16.510 -100.00 -100.00 -100.00
 256     1.330 57191.57378532 28.01 236.753219  46.158012 20.812 -100.00 -100.00 -100.00
 256     1.483 57191.57378591 27.28 236.755296  46.155805 18.193 -100.00 -100.00 -100.00
 256     1.593 57191.57378650 31.28 236.757374  46.153597 25.225 -100.00 -100.00 -100.00
 257     0.466 57201.48943282 22.27 236.751384  46.158413 13.181 -100.00 -100.00 -100.00
 257     0.482 57201.48943341 27.88 236.753462  46.156205 28.736 -100.00 -100.00 -100.00
 257     0.763 57201.48943400 27.79 236.755539  46.153998 28.730 -100.00 -100.00 -100.00
 258     0.423 57211.40506635 39.17 236.751251  46.160465   -100 -100.00 -100.00 -100.00
 258     0.441 57211.40506694 41.02 236.753329  46.158258   -100 -100.00 -100.00 -100.00
 258     0.612 57211.40506753 42.49 236.755406  46.156050   -100 -100.00 -100.00 -100.00
 258     0.325 57211.40506812 43.32 236.757484  46.153842 11.124 -100.00 -100.00 -100.00
 259     0.782 57221.32071010 36.19 236.754336  46.160913 23.579 -100.00 -100.00 -100.00
 259     0.764 57221.32071069 36.41 236.756414  46.158706 26.492 -100.00 -100.00 -100.00
 259     0.493 57221.32071128 36.42 236.758491  46.156498 29.908 -100.00 -100.00 -100.00
 259     0.570 57221.32071187 40.05 236.760569  46.154290   -100 -100.00 -100.00 -100.00
 260     1.186 57231.23635229 23.66 236.755665  46.161651 20.092 -100.00 -100.00 -100.00
 260     1.199 57231.23635288 26.99 236.757742  46.159443 31.614 -100.00 -100.00 -100.00
 260     1.448 57231.23635347 28.00 236.759820  46.157235 32.733 -100.00 -100.00 -100.00
 260     1.655 57231.23635406 29.38 236.761898  46.155027 31.189 -100.00 -100.00 -100.00
 260     1.760 57231.23635465 31.68 236.763975  46.152819   -100 -100.00 -100.00 -100.00
 261     1.681 57241.15199184 20.83 236.755299  46.162531 11.618 -100.00 -100.00 -100.00
 261     1.802 57241.15199243 22.11 236.757377  46.160323 12.407 -100.00 -100.00 -100.00
 261     1.834 57241.15199302 24.16 236.759455  46.158115 20.259 -100.00 -100.00 -100.00
 261     1.778 57241.15199361 26.43 236.761532  46.155907 28.586 -100.00 -100.00 -100.00
 261     1.910 57241.15199420 27.36 236.763610  46.153699 27.731 -100.00 -100.00 -100.00
 262     1.123 57251.06762902 19.36 236.755616  46.162507 12.268 -100.00 -100.00 -100.00
 262     1.268 57251.06762961 21.65 236.757694  46.160299 15.390 -100.00 -100.00 -100.00
 262     1.193 57251.06763020 23.79 236.759772  46.158092 23.187 -100.00 -100.00 -100.00
 262     1.382 57251.06763079 25.25 236.761850  46.155884 25.108 -100.00 -100.00 -100.00
 262     1.424 57251.06763138 26.95 236.763928  46.153675 29.751 -100.00 -100.00 -100.00
 263     1.053 57260.98326408 22.02 236.756612  46.164236 15.599 -100.00 -100.00 -100.00
 263     0.443 57260.98326467 28.33 236.758690  46.162028 27.068 -100.00 -100.00 -100.00
 263     1.097 57260.98326526 27.89 236.760768  46.159820 21.365 -100.00 -100.00 -100.00
 263     1.123 57260.98326585 27.69 236.762846  46.157612 29.122 -100.00 -100.00 -100.00
 263     1.166 57260.98326644 27.46 236.764924  46.155404 26.433 -100.00 -100.00 -100.00
 263     0.991 57260.98326703 27.21 236.767002  46.153196 28.041 -100.00 -100.00 -100.00
 267     0.926 57300.64586139 32.35 236.755422  46.163534 31.416 -100.00 -100.00 -100.00
 267     0.940 57300.64586198 33.65 236.757500  46.161326   -100 -100.00 -100.00 -100.00
 267     0.982 57300.64586257 35.57 236.759578  46.159118   -100 -100.00 -100.00 -100.00
 267     1.322 57300.64586316 38.27 236.761655  46.156910   -100 -100.00 -100.00 -100.00
 267     1.399 57300.64586375 39.21 236.763733  46.154702   -100 -100.00 -100.00 -100.00
 268     1.431 57310.56151141 32.41 236.757002  46.157085 22.531 -100.00 -100.00 -100.00
 268     1.361 57310.56151200 32.60 236.759080  46.154877 24.971 -100.00 -100.00 -100.00
 268     1.569 57310.56151259 37.21 236.761157  46.152669   -100 -100.00 -100.00 -100.00
 269    51.464 57320.47715571 10.97 236.751780  46.159460 11.843 -100.00 -100.00 -100.00
 269    66.310 57320.47715630  2.73 236.753858  46.157252  4.405 -100.00 -100.00 -100.00
 269    47.418 57320.47715689 10.02 236.755936  46.155044 12.243 -100.00 -100.00 -100.00
 269    46.372 57320.47715748 13.14 236.758013  46.152836 17.154 -100.00 -100.00 -100.00
 270     0.394 57330.39279830 30.99 236.752692  46.158725 19.300 -100.00 -100.00 -100.00
 270     0.441 57330.39279889 35.54 236.754769  46.156517   -100 -100.00 -100.00 -100.00
 270     0.847 57330.39279948 37.53 236.756847  46.154309 24.996 -100.00 -100.00 -100.00
 271     1.221 57340.30843829 39.28 236.754366  46.160420 22.705 -100.00 -100.00 -100.00
 271     1.089 57340.30843888 44.51 236.756444  46.158212 28.429 -100.00 -100.00 -100.00
 271     0.914 57340.30843947 48.61 236.758522  46.156004   -100 -100.00 -100.00 -100.00
 271     0.348 57340.30844006 51.95 236.760599  46.153796 29.667 -100.00 -100.00 -100.00
 272    48.920 57350.22408841 15.14 236.754463  46.159199  8.583 -100.00 -100.00 -100.00
 272    48.523 57350.22408900 20.98 236.756541  46.156991 12.481 -100.00 -100.00 -100.00
 272    47.764 57350.22408959 26.55 236.758619  46.154783   -100 -100.00 -100.00 -100.00
 272    46.668 57350.22409018 22.82 236.760696  46.152574 11.640 -100.00 -100.00 -100.00
 273     1.223 57360.13973292 27.77 236.751631  46.160445 13.864 -100.00 -100.00 -100.00
 273     1.465 57360.13973351 28.31 236.753709  46.158237 13.794 -100.00 -100.00 -100.00
 273     1.681 57360.13973410 29.34 236.755787  46.156029 18.033 -100.00 -100.00 -100.00
 273     1.590 57360.13973469 34.30 236.757864  46.153821   -100 -100.00 -100.00 -100.00
 274    71.249 57370.05537518  2.99 236.751541  46.158428  2.755 -100.00 -100.00 -100.00
 274    72.424 57370.05537577  4.25 236.753619  46.156220  3.161 -100.00 -100.00 -100.00
 274    73.891 57370.05537636  4.38 236.755697  46.154012  2.935 -100.00 -100.00 -100.00
 276     0.943 57389.88665378 22.94 236.755466  46.160080  9.063 -100.00 -100.00 -100.00
 276     0.960 57389.88665437 26.34 236.757544  46.157872 16.061 -100.00 -100.00 -100.00
 276     1.125 57389.88665496 27.46 236.759622  46.155664 17.999 -100.00 -100.00 -100.00
 276     0.972 57389.88665555 29.94 236.761699  46.153456 24.985 -100.00 -100.00 -100.00
 277    48.815 57399.80229114 13.02 236.757847  46.164409 11.401 -100.00 -100.00 -100.00
 277    48.768 57399.80229173 10.47 236.759925  46.162201  9.278 -100.00 -100.00 -100.00
 277    48.664 57399.80229232 18.19 236.762003  46.159993 11.878 -100.00 -100.00 -100.00
 277    48.487 57399.80229291 18.14 236.764080  46.157786  9.801 -100.00 -100.00 -100.00
 279     2.005 57419.63358284 35.95 236.756540  46.164317 21.664 -100.00 -100.00 -100.00
 279     2.214 57419.63358344 36.01 236.758618  46.162109 23.909 -100.00 -100.00 -100.00
 279     2.138 57419.63358403 40.45 236.760695  46.159901   -100 -100.00 -100.00 -100.00
 279     2.227 57419.63358462 41.07 236.762773  46.157694   -100 -100.00 -100.00 -100.00
 279     2.239 57419.63358521 43.13 236.764851  46.155486   -100 -100.00 -100.00 -100.00
 279     2.238 57419.63358580 44.41 236.766928  46.153278   -100 -100.00 -100.00 -100.00
 280     2.380 57429.54923339 41.83 236.754155  46.161358   -100 -100.00 -100.00 -100.00
 280     2.468 57429.54923398 43.18 236.756233  46.159151   -100 -100.00 -100.00 -100.00
 280     2.443 57429.54923457 42.38 236.758310  46.156943   -100 -100.00 -100.00 -100.00
 280     2.600 57429.54923516 41.69 236.760388  46.154735 31.099 -100.00 -100.00 -100.00
 280     2.384 57429.54923575 43.62 236.762465  46.152528   -100 -100.00 -100.00 -100.00
 281     1.857 57439.46488164 33.41 236.754268  46.159136 21.641 -100.00 -100.00 -100.00
 281     1.799 57439.46488223 35.66 236.756346  46.156929 28.254 -100.00 -100.00 -100.00
 281     1.920 57439.46488282 35.80 236.758423  46.154721 27.721 -100.00 -100.00 -100.00
 281     2.075 57439.46488341 36.90 236.760500  46.152513 30.191 -100.00 -100.00 -100.00
 283     1.938 57459.29617306 41.31 236.756714  46.162041 22.808 -100.00 -100.00 -100.00
 283     1.768 57459.29617365 44.43 236.758791  46.159833 32.626 -100.00 -100.00 -100.00
 283     1.714 57459.29617424 47.78 236.760868  46.157625   -100 -100.00 -100.00 -100.00
 283     1.751 57459.29617483 49.33 236.762945  46.155418   -100 -100.00 -100.00 -100.00
 283     1.815 57459.29617542 51.30 236.765022  46.153210   -100 -100.00 -100.00 -100.00
 284     1.670 57469.21181494 40.22 236.757744  46.163228 21.698 -100.00 -100.00 -100.00
 284     1.601 57469.21181553 42.43 236.759821  46.161020 23.888 -100.00 -100.00 -100.00
 284     1.415 57469.21181612 47.59 236.761899  46.158813   -100 -100.00 -100.00 -100.00
 284     1.214 57469.21181671 52.31 236.763976  46.156605  4.256 -100.00 -100.00 -100.00
 284     1.071 57469.21181730 54.04 236.766053  46.154397 10.331 -100.00 -100.00 -100.00
 285     1.233 57479.12745274 19.87 236.757182  46.163977  8.811 -100.00 -100.00 -100.00
 285     1.648 57479.12745333 21.38 236.759260  46.161769 10.674 -100.00 -100.00 -100.00
 285     1.648 57479.12745392 26.47 236.761337  46.159562 16.129 -100.00 -100.00 -100.00
 285     1.416 57479.12745451 26.90 236.763415  46.157354 19.812 -100.00 -100.00 -100.00
 285     1.285 57479.12745510 26.89 236.765492  46.155146 23.214 -100.00 -100.00 -100.00
 285     1.438 57479.12745569 28.71 236.767569  46.152938 26.912 -100.00 -100.00 -100.00
 286     1.516 57489.04308756 25.64 236.756043  46.164262 18.749 -100.00 -100.00 -100.00
 286     1.947 57489.04308815 25.62 236.758121  46.162055 15.441 -100.00 -100.00 -100.00
 286     2.003 57489.04308874 27.24 236.760199  46.159847 18.097 -100.00 -100.00 -100.00
 286     1.998 57489.04308933 29.81 236.762277  46.157639 27.132 -100.00 -100.00 -100.00
 286     2.146 57489.04308992 30.49 236.764354  46.155431 32.557 -100.00 -100.00 -100.00
 286     2.255 57489.04309051 31.36 236.766432  46.153223 31.087 -100.00 -100.00 -100.00
 287     2.274 57498.95872106 23.43 236.758274  46.163370 12.967 -100.00 -100.00 -100.00
 287     2.450 57498.95872165 25.09 236.760352  46.161163 15.893 -100.00 -100.00 -100.00
 287     2.287 57498.95872224 26.01 236.762430  46.158955 15.511 -100.00 -100.00 -100.00
 287     2.206 57498.95872283 25.69 236.764508  46.156747 15.515 -100.00 -100.00 -100.00
 287     2.231 57498.95872342 27.30 236.766586  46.154540 21.395 -100.00 -100.00 -100.00
 289     0.979 57518.79001976 34.41 236.756822  46.163478 22.847 -100.00 -100.00 -100.00
 289     1.073 57518.79002035 39.45 236.758900  46.161271   -100 -100.00 -100.00 -100.00
 289     1.459 57518.79002094 40.31 236.760978  46.159063 29.767 -100.00 -100.00 -100.00
 289     1.569 57518.79002153 42.55 236.763056  46.156855 26.534 -100.00 -100.00 -100.00
 289     1.329 57518.79002212 46.66 236.765133  46.154647   -100 -100.00 -100.00 -100.00
 290     0.648 57528.70567306 39.19 236.755126  46.163244 32.626 -100.00 -100.00 -100.00
 290     0.588 57528.70567365 40.50 236.757203  46.161037   -100 -100.00 -100.00 -100.00
 290     0.681 57528.70567424 42.52 236.759281  46.158829   -100 -100.00 -100.00 -100.00
 290     0.702 57528.70567483 44.55 236.761359  46.156621   -100 -100.00 -100.00 -100.00
 290     0.858 57528.70567542 46.69 236.763436  46.154413   -100 -100.00 -100.00 -100.00
 291    46.952 57538.62132365 15.83 236.753704  46.161302 10.921 -100.00 -100.00 -100.00
 291    47.951 57538.62132424 11.95 236.755782  46.159095  6.869 -100.00 -100.00 -100.00
 291    68.244 57538.62132483  0.51 236.757859  46.156887  3.539 -100.00 -100.00 -100.00
 291    47.922 57538.62132542 20.71 236.759937  46.154679 15.408 -100.00 -100.00 -100.00
 291    48.587 57538.62132601 16.18 236.762014  46.152472  7.807 -100.00 -100.00 -100.00
 292     2.099 57548.53697144 39.26 236.751958  46.159435 26.517 -100.00 -100.00 -100.00
 292     2.110 57548.53697203 40.29 236.754035  46.157228 26.544 -100.00 -100.00 -100.00
 292     2.329 57548.53697262 37.76 236.756113  46.155020 20.591 -100.00 -100.00 -100.00
 292     2.637 57548.53697321 41.94 236.758190  46.152813   -100 -100.00 -100.00 -100.00
 293     2.111 57558.45261752 37.74 236.750878  46.158784 23.916 -100.00 -100.00 -100.00
 293     2.701 57558.45261811 39.53 236.752956  46.156576 19.217 -100.00 -100.00 -100.00
 293     1.896 57558.45261870 52.69 236.755033  46.154369  9.091 -100.00 -100.00 -100.00
 293     2.056 57558.45261929 50.98 236.757111  46.152161   -100 -100.00 -100.00 -100.00
 294     1.294 57568.36826256 26.43 236.752262  46.159432 24.906 -100.00 -100.00 -100.00
 294     1.521 57568.36826316 25.85 236.754339  46.157224 22.069 -100.00 -100.00 -100.00
 294     1.386 57568.36826375 30.16 236.756417  46.155016   -100 -100.00 -100.00 -100.00
 294     1.528 57568.36826434 27.99 236.758494  46.152808 26.814 -100.00 -100.00 -100.00
 295     1.074 57578.28390725 23.43 236.755818  46.159569 11.821 -100.00 -100.00 -100.00
 295     1.242 57578.28390784 25.26 236.757895  46.157361 15.589 -100.00 -100.00 -100.00
 295     0.982 57578.28390843 27.92 236.759973  46.155153 21.759 -100.00 -100.00 -100.00
 295     1.118 57578.28390902 29.49 236.762050  46.152945 24.179 -100.00 -100.00 -100.00
 296     0.188 57588.19954972 24.73 236.756170  46.162199 16.550 -100.00 -100.00 -100.00
 296     0.146 57588.19955031 27.76 236.758248  46.159991 21.673 -100.00 -100.00 -100.00
 296     0.546 57588.19955090 28.30 236.760326  46.157783 23.115 -100.00 -100.00 -100.00
 296     0.439 57588.19955150 30.67 236.762403  46.155575   -100 -100.00 -100.00 -100.00
 296     0.512 57588.19955209 33.24 236.764481  46.153367   -100 -100.00 -100.00 -100.00
 297     1.023 57598.11519093 22.99 236.758989  46.159206 17.351 -100.00 -100.00 -100.00
 297     1.164 57598.11519152 27.63 236.761066  46.156998 29.424 -100.00 -100.00 -100.00
 297     1.403 57598.11519211 28.02 236.763144  46.154790 30.942 -100.00 -100.00 -100.00
 297     1.349 57598.11519270 29.76 236.765221  46.152582   -100 -100.00 -100.00 -100.00
