#    2.174 -27.577  68.221 ;Mean Elev.(m), Avg Gradient(m/km), RMS Gradient(m/km) - SRTM1     
#   11.025 -27.288  67.633 ;Mean Elev.(m), Avg Gradient(m/km), RMS Gradient(m/km) - ASTER GDEM
#   33.049 -29.221  72.477 ;Mean Elev.(m), Avg Gradient(m/km), RMS Gradient(m/km) - GMTED2010 
   1 236.650017  46.175565   137.544   137.544  2 54668.68974468  7.210
   3 236.647645  46.176655   -29.435   -22.453  3 54688.52103169 18.715
   5 236.651849  46.175837   -14.561   -14.561  2 54708.35231543 11.015
   7 236.650556  46.175294   -12.524   -12.482  3 54728.18361577 20.435
   9 236.647818  46.178808   137.841   138.005  3 54748.01491144  8.722
  17 236.649662  46.175046     0.943     1.075  3 54827.34004704 27.250
  18 236.648021  46.176513     2.243     2.214  4 54837.25568610 50.560
  19 236.645554  46.178352     1.582     1.590  3 54847.17133558 29.210
  20 236.643946  46.180189     1.314     1.315  3 54857.08698471 50.049
  21 236.642693  46.181103     0.450     0.446  3 54867.00263383 46.461
  22 236.643704  46.181871     0.671     0.587  3 54876.91828257 24.848
  23 236.644214  46.179634     2.199     2.227  3 54886.83392769 28.318
  24 236.645790  46.178975     2.074     2.131  3 54896.74956972 29.297
  25 236.647132  46.179717     1.439     1.506  3 54906.66520917 28.536
  26 236.646213  46.178466     1.052     1.041  3 54916.58084668 33.705
  27 236.646974  46.178298     0.966     1.007  3 54926.49648427 44.613
  28 236.648427  46.176819     1.458     1.369  3 54936.41212103 29.196
  29 236.651446  46.175100     1.996     1.996  2 54946.32775601 29.370
  33 236.649752  46.175311     1.561     1.640  3 54985.99033254 38.777
  34 236.648552  46.175815   -11.948   -11.958  3 54995.90598046 10.999
  35 236.647727  46.176050     0.738     0.726  4 55005.82162677 40.051
  36 236.647435  46.177169     0.890     0.913  3 55015.73727100 32.835
  37 236.646595  46.178133     1.376     1.410  3 55025.65291364 30.505
  38 236.646327  46.179770     1.085     1.227  3 55035.56855583 26.926
  39 236.647203  46.179438     0.669     0.727  3 55045.48419693 27.918
  40 236.649555  46.176764     0.599     0.575  3 55055.39983592 35.739
  43 236.649719  46.175500     1.892     1.829  3 55085.14676854 46.443
  44 236.647463  46.177372     1.570     1.540  4 55095.06241514 31.469
  45 236.646475  46.177944     0.886     0.824  3 55104.97806153 29.793
  46 236.646752  46.177534     0.728     0.754  3 55114.89370765 30.856
  47 236.648583  46.177081     0.968     0.857  4 55124.80935147 30.373
  48 236.649213  46.175754     1.821     1.756  3 55134.72499225 45.758
  49 236.649866  46.175689     1.652     1.399  3 55144.64063096 29.283
  50 236.648897  46.175296     1.908     1.924  3 55154.55626862 30.147
  51 236.649266  46.175516     0.833     0.805  3 55164.47190673 42.761
  52 236.650647  46.175388     0.446     0.585  3 55174.38754464 32.372
  54 236.649407  46.175268     0.662     0.588  3 55194.21883467 31.951
  55 236.646974  46.178194     1.290     1.355  3 55204.13448491 30.349
  56 236.644448  46.180048     1.731     1.848  3 55214.05013441 31.173
  57 236.644618  46.181572     1.223     1.085  3 55223.96578368 28.068
  58 236.645338  46.180163     1.361     1.336  3 55233.88143083 49.355
  59 236.647149  46.177609     0.815     0.841  3 55243.79707459 40.238
  60 236.647913  46.176631     1.355     1.301  3 55253.71271534 30.556
  61 236.647118  46.177540     1.828     1.755  4 55263.62835409 34.702
  62 236.647105  46.179491     1.884     1.912  3 55273.54399200 47.438
  63 236.647640  46.178322     2.048     2.134  4 55283.45962893 31.449
  64 236.649946  46.175035     1.410     1.307  3 55293.37526426 48.407
  68 236.649025  46.175865     1.608     1.467  3 55333.03783762 27.937
  69 236.648026  46.177265     1.872     1.921  4 55342.95348199 28.776
  70 236.648216  46.177072     1.394     1.373  4 55352.86912586 29.890
  71 236.648411  46.175827     1.071     1.038  4 55362.78476733 33.107
  72 236.649583  46.176658     0.592     0.583  3 55372.70040726 33.587
  73 236.648965  46.176559     1.022     0.969  4 55382.61604537 35.646
  74 236.648575  46.176266     2.250     2.017  3 55392.53168262 28.772
  75 236.651079  46.175719     1.908     1.908  2 55402.44731852 27.568
  76 236.652626  46.176306     0.599     0.599  2 55412.36296981 29.490
  79 236.649000  46.175184     2.260     2.270  3 55442.10990973 38.015
  80 236.647523  46.177592     2.265     2.351  4 55452.02555340 35.009
  81 236.647098  46.177949     1.962     1.940  3 55461.94119610 29.819
  82 236.649661  46.176928     1.201     1.292  3 55471.85683723 31.198
  87 236.648818  46.175966     2.176     2.192  4 55521.43503827 41.748
  88 236.648348  46.177388     1.799     1.730  4 55531.35068672 52.225
  89 236.647154  46.176166     0.883     0.895  4 55541.26633307 41.842
  90 236.647074  46.176504     1.148     1.126  4 55551.18197780 33.777
  91 236.646712  46.178519     0.714     0.726  3 55561.09762144 49.629
  92 236.646379  46.179784     1.244     1.275  3 55571.01326426 31.109
  93 236.646671  46.178887     2.968     2.983  3 55580.92890572 40.074
  94 236.649050  46.176479     2.682     2.684  3 55590.84454406 47.628
  99 236.650371  46.176078     3.306     3.272  3 55640.42274640 51.550
 100 236.650342  46.174957     2.204     2.204  2 55650.33839420 30.731
 104 236.650875  46.175808     1.469     1.469  2 55690.00095732 28.251
 105 236.650788  46.175146     2.184     1.994  3 55699.91659336 26.875
 107 236.651553  46.176117     2.070     2.070  2 55719.74788307 28.389
 108 236.649379  46.176322     2.193     2.265  3 55729.66353092 47.646
 109 236.647886  46.176822     1.584     1.489  4 55739.57917739 46.986
 110 236.647405  46.177653     1.238     1.252  3 55749.49482271 29.305
 111 236.648078  46.177260     2.892     2.869  3 55759.41046550 49.775
 112 236.650678  46.176705     2.004     2.004  3 55769.32610565 31.092
 123 236.649943  46.176247     1.429     1.292  3 55878.39816240 28.047
 124 236.648733  46.175506     1.713     1.954  3 55888.31380703 30.363
 125 236.650508  46.175700     1.483     1.483  2 55898.22944644 51.293
 127 236.649882  46.175259     0.723     0.799  3 55918.06072898 35.903
 128 236.648138  46.176817     0.884     0.829  4 55927.97638247 31.688
 129 236.647690  46.176695     1.370     1.496  3 55937.89203232 28.071
 130 236.648687  46.176095     2.860     2.805  3 55947.80767724 31.615
 131 236.650288  46.175896     2.067     2.067  2 55957.72331767 31.655
 132 236.651138  46.175757     1.362     1.390  3 55967.63895538 26.584
 133 236.651814  46.176025     1.224     1.224  2 55977.55459209 29.213
 138 236.650871  46.175653     2.099     1.944  3 56027.13280875 28.182
 139 236.648327  46.175950     1.897     1.966  3 56037.04845131 46.160
 140 236.648546  46.176673     1.285     1.261  4 56046.96409230 32.193
 141 236.648785  46.175319     0.878     0.782  3 56056.87973010 31.641
 143 236.650939  46.175602     1.966     1.966  2 56076.71101230 42.031
 144 236.648050  46.176342     2.582     2.580  4 56086.62666108 40.729
 145 236.647004  46.176867     1.382     1.427  4 56096.54230744 31.555
 146 236.647418  46.176012     1.674     1.628  4 56106.45795149 50.152
 147 236.650251  46.175568     0.904     0.904  2 56116.37358139 31.956
 151 236.651682  46.175428     1.265     1.265  2 56156.03614609 26.771
 152 236.650446  46.176108     0.897     0.892  3 56165.95179504 31.620
 153 236.650482  46.175756     0.656     0.656  2 56175.86744164 30.410
 154 236.652259  46.175625     1.138     1.138  2 56185.78308338 28.762
 159 236.651168  46.175427     0.613     0.613  2 56235.36128242 51.530
 160 236.650016  46.175627     1.027     1.031  3 56245.27693377 49.067
 161 236.648986  46.176106     1.644     1.581  3 56255.19258021 49.665
 162 236.647809  46.176714   137.483   137.380  3 56265.10822281 11.532
 163 236.647879  46.177632     2.227     2.248  3 56275.02386398 30.667
 164 236.648022  46.176954     2.147     2.116  3 56284.93950946 50.377
 165 236.649338  46.176761     0.595     0.635  3 56294.85516061 29.138
 166 236.650325  46.176168     0.802     0.673  3 56304.77080739 31.542
 167 236.648897  46.175317     1.750     1.743  3 56314.68645005 29.143
 168 236.648593  46.177262     2.482     2.552  4 56324.60209115 41.764
 169 236.647764  46.177039     2.246     2.319  4 56334.51773090 51.385
 170 236.649469  46.175942     1.344     1.360  4 56344.43336987 34.908
 173 236.652099  46.175913     0.996     0.996  2 56374.18029962 30.046
 175 236.646603  46.179318     1.584     1.456  4 56394.01158994 30.244
 177 236.647074  46.176158     0.777     0.848  4 56413.84287105 31.637
 178 236.652596  46.176327     0.993     0.993  2 56423.75850592 47.000
 179 236.651789  46.176043     1.318     1.318  2 56433.67415043 52.432
 180 236.647278  46.176730     2.448     2.502  4 56443.58980226 45.911
 181 236.646639  46.179978     1.701     1.886  3 56453.50545229 25.971
 182 236.646316  46.179121     1.913     1.875  3 56463.42109885 50.540
 183 236.647675  46.176818     1.701     1.589  3 56473.33674194 50.564
 184 236.650665  46.175223     0.674     0.514  3 56483.25238196 31.956
 191 236.650474  46.175348     0.581     0.581  2 56552.66188150 29.432
 192 236.647886  46.176601     0.998     1.031  3 56562.57752415 27.806
 193 236.646808  46.178317     2.373     2.348  3 56572.49316570 39.846
 194 236.647392  46.177970     1.652     1.647  3 56582.40880504 29.460
 195 236.651249  46.175844     0.604     0.604  2 56592.32443997 37.711
 196 236.650361  46.174674     0.729     0.729  2 56602.24009014 49.674
 197 236.649922  46.176375     0.760     0.754  3 56612.15573989 34.971
 198 236.647557  46.176691     1.699     1.711  4 56622.07138496 50.636
 199 236.647191  46.177756     2.551     2.619  4 56631.98702749 30.096
 200 236.648697  46.176246     2.165     2.203  4 56641.90266555 36.447
 201 236.649975  46.175364     1.025     1.035  3 56651.81831479 28.631
 202 236.650944  46.175600     0.799     0.880  3 56661.73396503 34.624
 203 236.650357  46.176254     1.157     1.196  3 56671.64961199 50.839
 204 236.647482  46.176759     1.116     1.103  4 56681.56525671 27.299
 205 236.647318  46.178007     2.405     2.300  3 56691.48089975 51.584
 209 236.649304  46.176100   -12.320   -12.345  4 56731.14346862 23.542
 210 236.645961  46.178066     0.951     0.962  3 56741.05911674 33.428
 211 236.644535  46.179355     1.900     1.868  3 56750.97476074 28.986
 213 236.649113  46.175389     1.776     1.730  3 56770.80603151 29.830
 214 236.648585  46.176329     1.393     1.390  4 56780.72168530 30.100
 215 236.647302  46.178479     1.366     1.302  4 56790.63734045 48.448
 216 236.644681  46.180095     0.998     1.026  3 56800.55299211 31.826
 217 236.643610  46.180452     1.548     1.582  3 56810.46863680 28.373
 218 236.644893  46.179482     2.613     2.676  3 56820.38427658 28.094
 219 236.648237  46.177153     1.686     1.829  4 56830.29991236 27.776
 222 236.650539  46.174813     0.849     0.849  2 56860.04683420 30.644
 223 236.647774  46.177094     1.441     1.585  3 56869.96248825 28.347
 224 236.647393  46.178963     2.179     2.172  3 56879.87813991 51.189
 225 236.647072  46.178648     1.539     1.461  3 56889.79378758 27.619
 226 236.646876  46.178469     1.009     1.022  4 56899.70943241 31.463
 227 236.645769  46.179457     0.894     0.917  3 56909.62507503 48.559
 228 236.644246  46.179582     0.634     0.567  3 56919.54071560 49.947
 229 236.645243  46.179986     1.018     1.046  3 56929.45635429 27.918
 230 236.647103  46.177477     1.889     1.846  4 56939.37198792 30.924
 231 236.650333  46.175688     2.307     2.252  3 56949.28762380 40.376
 232 236.649135  46.176035     1.199     1.209  4 56959.20327626 35.493
 233 236.647242  46.175933     1.234     1.176  4 56969.11892356 50.825
 234 236.647264  46.176642     0.897     0.878  4 56979.03456743 35.485
 235 236.648829  46.176845     1.883     1.884  3 56988.95020696 28.306
 237 236.652648  46.175997     2.297     2.297  2 57008.78149153 26.951
 238 236.650725  46.175553     2.524     2.543  3 57018.69714424 39.173
 239 236.649355  46.176290     1.500     1.511  4 57028.61279388 32.193
 240 236.647895  46.177238     1.249     1.215  4 57038.52844170 30.503
 241 236.647452  46.177759     0.871     0.897  4 57048.44408704 34.579
 242 236.648490  46.177111     1.911     1.928  4 57058.35972844 49.300
 243 236.649871  46.175091     2.052     2.012  3 57068.27536402 49.733
 246 236.647686  46.176199     1.215     1.192  4 57098.02228850 50.500
 247 236.645977  46.178880     0.519     0.461  3 57107.93794461 37.873
 248 236.646499  46.179450     1.104     1.239  3 57117.85359547 28.855
 249 236.646718  46.177981     2.092     2.012  3 57127.76923971 47.057
 250 236.647379  46.176844     2.167     2.094  3 57137.68487846 49.370
 251 236.649476  46.176732     1.455     1.491  3 57147.60051346 43.177
 252 236.651566  46.175171     0.988     0.988  2 57157.51614558 27.118
 254 236.650035  46.175081     2.021     2.162  3 57177.34744714 36.034
 255 236.650680  46.176833     1.396     1.816  3 57187.26309957 26.013
 256 236.648786  46.175868     1.681     1.783  4 57197.17874726 27.432
 257 236.647688  46.176276     1.438     1.468  4 57207.09438182 28.481
 258 236.648161  46.177999     1.168     1.308  4 57217.01002720 28.412
 259 236.648284  46.177480     0.439     0.503  4 57226.92567109 32.427
 260 236.648734  46.176038     0.622     0.626  3 57236.84131276 39.714
 261 236.650213  46.175507     0.659     0.659  2 57246.75695118 31.174
 262 236.651364  46.175757     1.590     1.590  2 57256.67258702 27.817
 263 236.651151  46.175604     2.048     2.048  2 57266.58822132 31.891
 264 236.649716  46.175912     1.286     1.249  3 57276.50386623 44.683
 265 236.648481  46.177200     0.564     0.536  4 57286.41952292 37.245
 266 236.647921  46.177120     0.383     0.302  3 57296.33517653 44.378
 267 236.648233  46.177515     1.181     1.174  4 57306.25082673 32.795
 268 236.647260  46.178298     2.167     2.216  4 57316.16647319 45.520
 269 236.645346  46.178634     1.919     1.941  3 57326.08211640 29.601
 270 236.645999  46.179176     1.127     1.236  3 57335.99775796 28.247
 271 236.646576  46.178777     1.284     1.320  4 57345.91340511 31.498
 272 236.646827  46.177208     0.832     0.851  4 57355.82905254 28.791
 273 236.648163  46.176607    68.544    74.177  4 57365.74469644  7.328
 275 236.649255  46.176626     2.117     1.983  3 57385.57597525 28.116
 276 236.650234  46.176111     1.538     1.489  3 57395.49161293 31.095
 279 236.650428  46.175335     0.879     0.879  2 57425.23854919 48.528
 281 236.645930  46.179935     2.174     2.155  3 57445.06984469 37.126
 282 236.645060  46.180898     1.716     1.655  3 57454.98549086 30.581
 283 236.645131  46.178841     1.230     1.277  3 57464.90113464 31.576
 284 236.648997  46.176856     0.813     0.709  4 57474.81677498 31.299
 288 236.649591  46.174971     2.196     2.168  3 57514.47933250 37.397
 289 236.649591  46.175998     1.687     1.670  4 57524.39498670 35.544
 290 236.650995  46.175910     0.781     0.662  3 57534.31063854 29.420
 291 236.651223  46.175686     1.041     1.041  2 57544.22628729 52.762
 292 236.649481  46.175928     1.467     1.477  3 57554.14193368 36.099
 293 236.647799  46.177229     1.420     1.664  3 57564.05757892 29.132
 294 236.647340  46.178359     1.839     1.742  3 57573.97322377 28.009
 295 236.647142  46.177219     0.874     0.832  3 57583.88886788 32.121
 296 236.648352  46.176206     0.438     0.468  3 57593.80451017 35.642
 297 236.649499  46.176195     0.562     0.589  4 57603.72015036 35.799
