-282366.301    -1.861     0.00    0.00
-282080.731    -1.861     0.00    0.00
-281795.141    -1.861     0.00    0.00
-281509.530    -1.861     0.00    0.00
-281223.898    -1.861     0.00    0.00
-280938.246    -1.861     0.00    0.00
-280652.574    -1.861     0.00    0.00
-280366.881    -1.861     0.00    0.00
-280081.168    -1.861     0.00    0.00
-279795.434    -1.861     0.00    0.00
-279509.680    -1.861     0.00    0.00
-279223.905    -1.861     0.00    0.00
-278938.110    -1.861     0.00    0.00
-278652.294    -1.861     0.00    0.00
-278366.458    -1.861     0.00    0.00
-278080.601    -1.861     0.00    0.00
-277794.724    -1.861     0.00    0.00
-277508.826    -1.861     0.00    0.00
-277222.907    -1.861     0.00    0.00
-276936.969    -1.861     0.00    0.00
-276651.009    -1.861     0.00    0.00
-276365.029    -1.861     0.00    0.00
-276079.029    -1.861     0.00    0.00
-275793.008    -1.861     0.00    0.00
-275506.966    -1.861     0.00    0.00
-275220.904    -1.861     0.00    0.00
-274934.821    -1.861     0.00    0.00
-274648.718    -1.861     0.00    0.00
-274362.594    -1.861     0.00    0.00
-274076.449    -1.861     0.00    0.00
-273790.284    -1.861     0.00    0.00
-273504.098    -1.861     0.00    0.00
-273217.892    -1.861     0.00    0.00
-272931.665    -1.861     0.00    0.00
-272645.418    -1.861     0.00    0.00
-272359.150    -1.861     0.00    0.00
-272072.861    -1.861     0.00    0.00
-271786.552    -1.861     0.00    0.00
-271500.222    -1.861     0.00    0.00
-271213.871    -1.861     0.00    0.00
-270927.500    -1.861     0.00    0.00
-270641.108    -1.861     0.00    0.00
-270354.696    -1.861     0.00    0.00
-270068.263    -1.861     0.00    0.00
-269781.809    -1.861     0.00    0.00
-269495.334    -1.861     0.00    0.00
-269208.839    -1.861     0.00    0.00
-268922.324    -1.861     0.00    0.00
-268635.787    -1.861     0.00    0.00
-268349.230    -1.861     0.00    0.00
-268062.652    -1.861     0.00    0.00
-267776.054    -1.861     0.00    0.00
-267489.435    -1.861     0.00    0.00
-267202.795    -1.861     0.00    0.00
-266916.134    -1.861     0.00    0.00
-266629.453    -1.861     0.00    0.00
-266342.751    -1.861     0.00    0.00
-266056.029    -1.861     0.00    0.00
-265769.285    -1.861     0.00    0.00
-265482.521    -1.861     0.00    0.00
-265195.736    -1.861     0.00    0.00
-264908.931    -1.861     0.00    0.00
-264622.104    -1.861     0.00    0.00
-264335.257    -1.861     0.00    0.00
-264048.390    -1.861     0.00    0.00
-263761.501    -1.861     0.00    0.00
-263474.592    -1.861     0.00    0.00
-263187.662    -1.861     0.00    0.00
-262900.711    -1.861     0.00    0.00
-262613.739    -1.861     0.00    0.00
-262326.747    -1.861     0.00    0.00
-262039.734    -1.861     0.00    0.00
-261752.700    -1.861     0.00    0.00
-261465.645    -1.861     0.00    0.00
-261178.570    -1.861     0.00    0.00
-260891.474    -1.861     0.00    0.00
-260604.357    -1.861     0.00    0.00
-260317.219    -1.861     0.00    0.00
-260030.060    -1.861     0.00    0.00
-259742.880    -1.861     0.00    0.00
-259455.680    -1.861     0.00    0.00
-259168.459    -1.861     0.00    0.00
-258881.217    -1.861     0.00    0.00
-258593.954    -1.861     0.00    0.00
-258306.670    -1.861     0.00    0.00
-258019.366    -1.861     0.00    0.00
-257732.040    -1.861     0.00    0.00
-257444.694    -1.861     0.00    0.00
-257157.327    -1.861     0.00    0.00
-256869.939    -1.861     0.00    0.00
-256582.530    -1.861     0.00    0.00
-256295.101    -1.861     0.00    0.00
-256007.650    -1.861     0.00    0.00
-255720.179    -1.861     0.00    0.00
-255432.686    -1.861     0.00    0.00
-255145.173    -1.861     0.00    0.00
-254857.639    -1.861     0.00    0.00
-254570.084    -1.861     0.00    0.00
-254282.508    -1.861     0.00    0.00
-253994.911    -1.861     0.00    0.00
-253707.293    -1.861     0.00    0.00
-253419.654    -1.861     0.00    0.00
-253131.995    -1.861     0.00    0.00
-252844.314    -1.861     0.00    0.00
-252556.613    -1.861     0.00    0.00
-252268.890    -1.861     0.00    0.00
-251981.147    -1.861     0.00    0.00
-251693.382    -1.861     0.00    0.00
-251405.597    -1.861     0.00    0.00
-251117.791    -1.861     0.00    0.00
-250829.964    -1.861     0.00    0.00
-250542.115    -1.861     0.00    0.00
-250254.246    -1.861     0.00    0.00
-249966.356    -1.861     0.00    0.00
-249678.445    -1.861     0.00    0.00
-249390.513    -1.861     0.00    0.00
-249102.560    -1.861     0.00    0.00
-248814.585    -1.861     0.00    0.00
-248526.590    -1.861     0.00    0.00
-248238.574    -1.861     0.00    0.00
-247950.537    -1.861     0.00    0.00
-247662.479    -1.861     0.00    0.00
-247374.400    -1.861     0.00    0.00
-247086.299    -1.861     0.00    0.00
-246798.178    -1.861     0.00    0.00
-246510.036    -1.861     0.00    0.00
-246221.872    -1.861     0.00    0.00
-245933.688    -1.861     0.00    0.00
-245645.482    -1.861     0.00    0.00
-245357.256    -1.861     0.00    0.00
-245069.008    -1.861     0.00    0.00
-244780.740    -1.861     0.00    0.00
-244492.450    -1.861     0.00    0.00
-244204.139    -1.861     0.00    0.00
-243915.807    -1.861     0.00    0.00
-243627.454    -1.861     0.00    0.00
-243339.080    -1.861     0.00    0.00
-243050.685    -1.861     0.00    0.00
-242762.269    -1.861     0.00    0.00
-242473.831    -1.861     0.00    0.00
-242185.373    -1.861     0.00    0.00
-241896.893    -1.861     0.00    0.00
-241608.393    -1.861     0.00    0.00
-241319.871    -1.861     0.00    0.00
-241031.328    -1.861     0.00    0.00
-240742.764    -1.861     0.00    0.00
-240454.178    -1.861     0.00    0.00
-240165.572    -1.861     0.00    0.00
-239876.944    -1.861     0.00    0.00
-239588.296    -1.861     0.00    0.00
-239299.626    -1.861     0.00    0.00
-239010.935    -1.861     0.00    0.00
-238722.222    -1.861     0.00    0.00
-238433.489    -1.861     0.00    0.00
-238144.734    -1.861     0.00    0.00
-237855.959    -1.861     0.00    0.00
-237567.162    -1.861     0.00    0.00
-237278.344    -1.861     0.00    0.00
-236989.504    -1.861     0.00    0.00
-236700.644    -1.861     0.00    0.00
-236411.762    -1.861     0.00    0.00
-236122.859    -1.861     0.00    0.00
-235833.935    -1.861     0.00    0.00
-235544.989    -1.861     0.00    0.00
-235256.023    -1.861     0.00    0.00
-234967.035    -1.861     0.00    0.00
-234678.026    -1.861     0.00    0.00
-234388.995    -1.861     0.00    0.00
-234099.944    -1.861     0.00    0.00
-233810.871    -1.861     0.00    0.00
-233521.777    -1.861     0.00    0.00
-233232.661    -1.861     0.00    0.00
-232943.524    -1.861     0.00    0.00
-232654.366    -1.861     0.00    0.00
-232365.187    -1.861     0.00    0.00
-232075.987    -1.861     0.00    0.00
-231786.765    -1.861     0.00    0.00
-231497.522    -1.861     0.00    0.00
-231208.257    -1.861     0.00    0.00
-230918.972    -1.861     0.00    0.00
-230629.665    -1.861     0.00    0.00
-230340.336    -1.861     0.00    0.00
-230050.987    -1.861     0.00    0.00
-229761.616    -1.861     0.00    0.00
-229472.223    -1.861     0.00    0.00
-229182.810    -1.861     0.00    0.00
-228893.375    -1.861     0.00    0.00
-228603.918    -1.861     0.00    0.00
-228314.441    -1.861     0.00    0.00
-228024.942    -1.861     0.00    0.00
-227735.421    -1.861     0.00    0.00
-227445.880    -1.861     0.00    0.00
-227156.316    -1.861     0.00    0.00
-226866.732    -1.861     0.00    0.00
-226577.126    -1.861     0.00    0.00
-226287.499    -1.861     0.00    0.00
-225997.850    -1.861     0.00    0.00
-225708.180    -1.861     0.00    0.00
-225418.489    -1.861     0.00    0.00
-225128.776    -1.861     0.00    0.00
-224839.042    -1.861     0.00    0.00
-224549.286    -1.861     0.00    0.00
-224259.658    -1.861     0.00    0.00
-223974.408    -1.861     0.00    0.00
-223689.138    -1.861     0.00    0.00
-223403.847    -1.861     0.00    0.00
-223118.536    -1.861     0.00    0.00
-222833.204    -1.861     0.00    0.00
-222547.851    -1.861     0.00    0.00
-222262.478    -1.861     0.00    0.00
-221977.084    -1.861     0.00    0.00
-221691.670    -1.861     0.00    0.00
-221406.235    -1.861     0.00    0.00
-221120.780    -1.861     0.00    0.00
-220835.303    -1.861     0.00    0.00
-220549.807    -1.861     0.00    0.00
-220264.290    -1.861     0.00    0.00
-219978.752    -1.861     0.00    0.00
-219693.193    -1.861     0.00    0.00
-219407.614    -1.861     0.00    0.00
-219122.015    -1.861     0.00    0.00
-218836.394    -1.861     0.00    0.00
-218550.753    -1.861     0.00    0.00
-218265.092    -1.861     0.00    0.00
-217979.410    -1.861     0.00    0.00
-217693.707    -1.861     0.00    0.00
-217407.983    -1.861     0.00    0.00
-217122.239    -1.861     0.00    0.00
-216836.474    -1.861     0.00    0.00
-216550.689    -1.861     0.00    0.00
-216264.883    -1.861     0.00    0.00
-215979.056    -1.861     0.00    0.00
-215693.208    -1.861     0.00    0.00
-215407.340    -1.861     0.00    0.00
-215121.451    -1.861     0.00    0.00
-214835.542    -1.861     0.00    0.00
-214549.612    -1.861     0.00    0.00
-214263.661    -1.861     0.00    0.00
-213977.689    -1.861     0.00    0.00
-213691.697    -1.861     0.00    0.00
-213405.684    -1.861     0.00    0.00
-213119.650    -1.861     0.00    0.00
-212833.596    -1.861     0.00    0.00
-212547.520    -1.861     0.00    0.00
-212261.424    -1.861     0.00    0.00
-211975.308    -1.861     0.00    0.00
-211689.170    -1.861     0.00    0.00
-211403.012    -1.861     0.00    0.00
-211116.833    -1.861     0.00    0.00
-210830.633    -1.861     0.00    0.00
-210544.413    -1.861     0.00    0.00
-210258.172    -1.861     0.00    0.00
-209971.910    -1.861     0.00    0.00
-209685.627    -1.861     0.00    0.00
-209399.324    -1.861     0.00    0.00
-209112.999    -1.861     0.00    0.00
-208826.654    -1.861     0.00    0.00
-208540.288    -1.861     0.00    0.00
-208253.902    -1.861     0.00    0.00
-207967.494    -1.861     0.00    0.00
-207681.066    -1.861     0.00    0.00
-207394.617    -1.861     0.00    0.00
-207108.147    -1.861     0.00    0.00
-206821.656    -1.861     0.00    0.00
-206535.144    -1.861     0.00    0.00
-206248.612    -1.861     0.00    0.00
-205962.059    -1.861     0.00    0.00
-205675.485    -1.861     0.00    0.00
-205388.890    -1.861     0.00    0.00
-205102.274    -1.861     0.00    0.00
-204815.637    -1.861     0.00    0.00
-204528.980    -1.861     0.00    0.00
-204242.301    -1.861     0.00    0.00
-203955.602    -1.861     0.00    0.00
-203668.882    -1.861     0.00    0.00
-203382.141    -1.861     0.00    0.00
-203095.379    -1.861     0.00    0.00
-202808.596    -1.861     0.00    0.00
-202521.792    -1.861     0.00    0.00
-202234.968    -1.861     0.00    0.00
-201948.122    -1.861     0.00    0.00
-201661.256    -1.861     0.00    0.00
-201374.369    -1.861     0.00    0.00
-201087.460    -1.861     0.00    0.00
-200800.531    -1.861     0.00    0.00
-200513.581    -1.861     0.00    0.00
-200226.610    -1.861     0.00    0.00
-199939.618    -1.861     0.00    0.00
-199652.605    -1.861     0.00    0.00
-199365.571    -1.861     0.00    0.00
-199078.517    -1.861     0.00    0.00
-198791.441    -1.861     0.00    0.00
-198504.344    -1.861     0.00    0.00
-198217.226    -1.861     0.00    0.00
-197930.088    -1.861     0.00    0.00
-197642.928    -1.861     0.00    0.00
-197355.748    -1.861     0.00    0.00
-197068.546    -1.861     0.00    0.00
-196781.323    -1.861     0.00    0.00
-196494.080    -1.861     0.00    0.00
-196206.815    -1.861     0.00    0.00
-195919.530    -1.861     0.00    0.00
-195632.223    -1.861     0.00    0.00
-195344.895    -1.861     0.00    0.00
-195057.547    -1.861     0.00    0.00
-194770.177    -1.861     0.00    0.00
-194482.786    -1.861     0.00    0.00
-194195.374    -1.861     0.00    0.00
-193907.942    -1.861     0.00    0.00
-193620.488    -1.861     0.00    0.00
-193333.013    -1.861     0.00    0.00
-193045.517    -1.861     0.00    0.00
-192758.000    -1.861     0.00    0.00
-192470.462    -1.861     0.00    0.00
-192182.903    -1.861     0.00    0.00
-191895.323    -1.861     0.00    0.00
-191607.721    -1.861     0.00    0.00
-191320.099    -1.861     0.00    0.00
-191032.456    -1.861     0.00    0.00
-190744.791    -1.861     0.00    0.00
-190457.105    -1.861     0.00    0.00
-190169.399    -1.861     0.00    0.00
-189881.671    -1.861     0.00    0.00
-189593.922    -1.861     0.00    0.00
-189306.152    -1.861     0.00    0.00
-189018.360    -1.861     0.00    0.00
-188730.548    -1.861     0.00    0.00
-188442.715    -1.861     0.00    0.00
-188154.860    -1.861     0.00    0.00
-187866.984    -1.861     0.00    0.00
-187579.087    -1.861     0.00    0.00
-187291.169    -1.861     0.00    0.00
-187003.230    -1.861     0.00    0.00
-186715.270    -1.861     0.00    0.00
-186427.288    -1.861     0.00    0.00
-186139.285    -1.861     0.00    0.00
-185851.261    -1.861     0.00    0.00
-185563.216    -1.861     0.00    0.00
-185275.150    -1.861     0.00    0.00
-184987.062    -1.861     0.00    0.00
-184698.954    -1.861     0.00    0.00
-184410.824    -1.861     0.00    0.00
-184122.673    -1.861     0.00    0.00
-183834.501    -1.861     0.00    0.00
-183546.307    -1.861     0.00    0.00
-183258.092    -1.861     0.00    0.00
-182969.856    -1.861     0.00    0.00
-182681.599    -1.861     0.00    0.00
-182393.321    -1.861     0.00    0.00
-182105.021    -1.861     0.00    0.00
-181816.700    -1.861     0.00    0.00
-181528.358    -1.861     0.00    0.00
-181239.995    -1.861     0.00    0.00
-180951.610    -1.861     0.00    0.00
-180663.204    -1.861     0.00    0.00
-180374.777    -1.861     0.00    0.00
-180086.328    -1.861     0.00    0.00
-179797.858    -1.861     0.00    0.00
-179509.367    -1.861     0.00    0.00
-179220.855    -1.861     0.00    0.00
-178932.321    -1.861     0.00    0.00
-178643.766    -1.861     0.00    0.00
-178355.190    -1.861     0.00    0.00
-178066.592    -1.861     0.00    0.00
-177777.974    -1.861     0.00    0.00
-177489.333    -1.861     0.00    0.00
-177200.672    -1.861     0.00    0.00
-176911.989    -1.861     0.00    0.00
-176623.285    -1.861     0.00    0.00
-176334.559    -1.861     0.00    0.00
-176045.812    -1.861     0.00    0.00
-175757.044    -1.861     0.00    0.00
-175468.254    -1.861     0.00    0.00
-175179.444    -1.861     0.00    0.00
-174890.611    -1.861     0.00    0.00
-174601.757    -1.861     0.00    0.00
-174312.882    -1.861     0.00    0.00
-174023.986    -1.861     0.00    0.00
-173735.068    -1.861     0.00    0.00
-173446.129    -1.861     0.00    0.00
-173157.168    -1.861     0.00    0.00
-172868.186    -1.861     0.00    0.00
-172579.183    -1.861     0.00    0.00
-172290.158    -1.861     0.00    0.00
-172001.112    -1.861     0.00    0.00
-171712.044    -1.861     0.00    0.00
-171422.955    -1.861     0.00    0.00
-171133.844    -1.861     0.00    0.00
-170844.712    -1.861     0.00    0.00
-170555.559    -1.861     0.00    0.00
-170266.384    -1.861     0.00    0.00
-169977.188    -1.861     0.00    0.00
-169687.970    -1.861     0.00    0.00
-169398.731    -1.861     0.00    0.00
-169109.470    -1.861     0.00    0.00
-168820.188    -1.861     0.00    0.00
-168530.884    -1.861     0.00    0.00
-168241.559    -1.861     0.00    0.00
-167952.212    -1.861     0.00    0.00
-167662.844    -1.861     0.00    0.00
-167373.455    -1.861     0.00    0.00
-167084.044    -1.861     0.00    0.00
-166794.611    -1.861     0.00    0.00
-166505.157    -1.861     0.00    0.00
-166215.681    -1.861     0.00    0.00
-165926.184    -1.861     0.00    0.00
-165636.665    -1.861     0.00    0.00
-165347.125    -1.861     0.00    0.00
-165057.563    -1.861     0.00    0.00
-164767.980    -1.861     0.00    0.00
-164478.375    -1.861     0.00    0.00
-164188.749    -1.861     0.00    0.00
-163899.101    -1.861     0.00    0.00
-163609.431    -1.861     0.00    0.00
-163319.740    -1.861     0.00    0.00
-163030.027    -1.861     0.00    0.00
-162740.293    -1.861     0.00    0.00
-162450.537    -1.861     0.00    0.00
-162162.327    -1.861     0.00    0.00
-161877.094    -1.861     0.00    0.00
-161591.840    -1.861     0.00    0.00
-161306.566    -1.861     0.00    0.00
-161021.270    -1.861     0.00    0.00
-160735.954    -1.861     0.00    0.00
-160450.618    -1.861     0.00    0.00
-160165.260    -1.861     0.00    0.00
-159879.882    -1.861     0.00    0.00
-159594.483    -1.861     0.00    0.00
-159309.064    -1.861     0.00    0.00
-159023.623    -1.861     0.00    0.00
-158738.162    -1.861     0.00    0.00
-158452.680    -1.861     0.00    0.00
-158167.178    -1.861     0.00    0.00
-157881.654    -1.861     0.00    0.00
-157596.110    -1.861     0.00    0.00
-157310.545    -1.861     0.00    0.00
-157024.960    -1.861     0.00    0.00
-156739.353    -1.861     0.00    0.00
-156453.726    -1.861     0.00    0.00
-156168.078    -1.861     0.00    0.00
-155882.409    -1.861     0.00    0.00
-155596.719    -1.861     0.00    0.00
-155311.009    -1.861     0.00    0.00
-155025.278    -1.861     0.00    0.00
-154739.526    -1.861     0.00    0.00
-154453.753    -1.861     0.00    0.00
-154167.959    -1.861     0.00    0.00
-153882.145    -1.861     0.00    0.00
-153596.310    -1.861     0.00    0.00
-153310.453    -1.861     0.00    0.00
-153024.576    -1.861     0.00    0.00
-152738.679    -1.861     0.00    0.00
-152452.760    -1.861     0.00    0.00
-152166.820    -1.861     0.00    0.00
-151880.860    -1.861     0.00    0.00
-151594.879    -1.861     0.00    0.00
-151308.877    -1.861     0.00    0.00
-151022.854    -1.861     0.00    0.00
-150736.810    -1.861     0.00    0.00
-150450.745    -1.861     0.00    0.00
-150164.659    -1.861     0.00    0.00
-149878.553    -1.861     0.00    0.00
-149592.425    -1.861     0.00    0.00
-149306.277    -1.861     0.00    0.00
-149020.108    -1.861     0.00    0.00
-148733.918    -1.861     0.00    0.00
-148447.707    -1.861     0.00    0.00
-148161.475    -1.861     0.00    0.00
-147875.222    -1.861     0.00    0.00
-147588.948    -1.861     0.00    0.00
-147302.653    -1.861     0.00    0.00
-147016.337    -1.861     0.00    0.00
-146730.001    -1.861     0.00    0.00
-146443.643    -1.861     0.00    0.00
-146157.265    -1.861     0.00    0.00
-145870.865    -1.861     0.00    0.00
-145584.445    -1.861     0.00    0.00
-145298.003    -1.861     0.00    0.00
-145011.541    -1.861     0.00    0.00
-144725.057    -1.861     0.00    0.00
-144438.553    -1.861     0.00    0.00
-144152.027    -1.861     0.00    0.00
-143865.481    -1.861     0.00    0.00
-143578.914    -1.861     0.00    0.00
-143292.325    -1.861     0.00    0.00
-143005.716    -1.861     0.00    0.00
-142719.086    -1.861     0.00    0.00
-142432.434    -1.861     0.00    0.00
-142145.762    -1.861     0.00    0.00
-141859.068    -1.861     0.00    0.00
-141572.354    -1.861     0.00    0.00
-141285.618    -1.861     0.00    0.00
-140998.862    -1.861     0.00    0.00
-140712.084    -1.861     0.00    0.00
-140425.285    -1.861     0.00    0.00
-140138.466    -1.861     0.00    0.00
-139851.625    -1.861     0.00    0.00
-139564.763    -1.861     0.00    0.00
-139277.880    -1.861     0.00    0.00
-138990.976    -1.861     0.00    0.00
-138704.051    -1.861     0.00    0.00
-138417.105    -1.861     0.00    0.00
-138130.137    -1.861     0.00    0.00
-137843.149    -1.861     0.00    0.00
-137556.139    -1.861     0.00    0.00
-137269.109    -1.861     0.00    0.00
-136982.057    -1.861     0.00    0.00
-136694.984    -1.861     0.00    0.00
-136407.890    -1.861     0.00    0.00
-136120.775    -1.861     0.00    0.00
-135833.639    -1.861     0.00    0.00
-135546.482    -1.861     0.00    0.00
-135259.303    -1.861     0.00    0.00
-134972.104    -1.861     0.00    0.00
-134684.883    -1.861     0.00    0.00
-134397.641    -1.861     0.00    0.00
-134110.378    -1.861     0.00    0.00
-133823.094    -1.861     0.00    0.00
-133535.788    -1.861     0.00    0.00
-133248.462    -1.861     0.00    0.00
-132961.114    -1.861     0.00    0.00
-132673.745    -1.861     0.00    0.00
-132386.355    -1.861     0.00    0.00
-132098.944    -1.861     0.00    0.00
-131811.511    -1.861     0.00    0.00
-131524.057    -1.861     0.00    0.00
-131236.582    -1.861     0.00    0.00
-130949.086    -1.861     0.00    0.00
-130661.569    -1.861     0.00    0.00
-130374.030    -1.861     0.00    0.00
-130086.470    -1.861     0.00    0.00
-129798.889    -1.861     0.00    0.00
-129511.287    -1.861     0.00    0.00
-129223.663    -1.861     0.00    0.00
-128936.019    -1.861     0.00    0.00
-128648.353    -1.861     0.00    0.00
-128360.665    -1.861     0.00    0.00
-128072.957    -1.861     0.00    0.00
-127785.227    -1.861     0.00    0.00
-127497.476    -1.861     0.00    0.00
-127209.703    -1.861     0.00    0.00
-126921.910    -1.861     0.00    0.00
-126634.095    -1.861     0.00    0.00
-126346.258    -1.861     0.00    0.00
-126058.401    -1.861     0.00    0.00
-125770.522    -1.861     0.00    0.00
-125482.622    -1.861     0.00    0.00
-125194.700    -1.861     0.00    0.00
-124906.757    -1.861     0.00    0.00
-124618.793    -1.861     0.00    0.00
-124330.808    -1.861     0.00    0.00
-124042.801    -1.861     0.00    0.00
-123754.773    -1.861     0.00    0.00
-123466.723    -1.861     0.00    0.00
-123178.652    -1.861     0.00    0.00
-122890.560    -1.861     0.00    0.00
-122602.447    -1.861     0.00    0.00
-122314.312    -1.861     0.00    0.00
-122026.155    -1.861     0.00    0.00
-121737.978    -1.861     0.00    0.00
-121449.779    -1.861     0.00    0.00
-121161.558    -1.861     0.00    0.00
-120873.317    -1.861     0.00    0.00
-120585.053    -1.861     0.00    0.00
-120296.769    -1.861     0.00    0.00
-120008.463    -1.861     0.00    0.00
-119720.135    -1.861     0.00    0.00
-119431.787    -1.861     0.00    0.00
-119143.416    -1.861     0.00    0.00
-118855.025    -1.861     0.00    0.00
-118566.612    -1.861     0.00    0.00
-118278.177    -1.861     0.00    0.00
-117989.721    -1.861     0.00    0.00
-117701.244    -1.861     0.00    0.00
-117412.745    -1.861     0.00    0.00
-117124.224    -1.861     0.00    0.00
-116835.683    -1.861     0.00    0.00
-116547.119    -1.861     0.00    0.00
-116258.535    -1.861     0.00    0.00
-115969.929    -1.861     0.00    0.00
-115681.301    -1.861     0.00    0.00
-115392.652    -1.861     0.00    0.00
-115103.981    -1.861     0.00    0.00
-114815.289    -1.861     0.00    0.00
-114526.575    -1.861     0.00    0.00
-114237.840    -1.861     0.00    0.00
-113949.083    -1.861     0.00    0.00
-113660.305    -1.861     0.00    0.00
-113371.506    -1.861     0.00    0.00
-113082.684    -1.861     0.00    0.00
-112793.842    -1.861     0.00    0.00
-112504.977    -1.861     0.00    0.00
-112216.092    -1.861     0.00    0.00
-111927.184    -1.861     0.00    0.00
-111638.255    -1.861     0.00    0.00
-111349.305    -1.861     0.00    0.00
-111060.333    -1.861     0.00    0.00
-110771.339    -1.861     0.00    0.00
-110482.324    -1.861     0.00    0.00
-110193.287    -1.861     0.00    0.00
-109904.229    -1.861     0.00    0.00
-109615.149    -1.861     0.00    0.00
-109326.048    -1.861     0.00    0.00
-109036.925    -1.861     0.00    0.00
-108747.780    -1.861     0.00    0.00
-108458.614    -1.861     0.00    0.00
-108169.426    -1.861     0.00    0.00
-107880.216    -1.861     0.00    0.00
-107590.985    -1.861     0.00    0.00
-107301.732    -1.861     0.00    0.00
-107012.458    -1.861     0.00    0.00
-106723.162    -1.861     0.00    0.00
-106433.844    -1.861     0.00    0.00
-106144.505    -1.861     0.00    0.00
-105855.144    -1.861     0.00    0.00
-105565.761    -1.861     0.00    0.00
-105276.357    -1.861     0.00    0.00
-104986.931    -1.861     0.00    0.00
-104697.483    -1.861     0.00    0.00
-104408.014    -1.861     0.00    0.00
-104118.523    -1.861     0.00    0.00
-103829.010    -1.861     0.00    0.00
-103539.476    -1.861     0.00    0.00
-103249.920    -1.861     0.00    0.00
-102960.342    -1.861     0.00    0.00
-102670.743    -1.861     0.00    0.00
-102381.121    -1.861     0.00    0.00
-102091.479    -1.861     0.00    0.00
-101801.814    -1.861     0.00    0.00
-101512.128    -1.861     0.00    0.00
-101222.419    -1.861     0.00    0.00
-100932.690    -1.861     0.00    0.00
-100642.938    -1.861     0.00    0.00
-100353.165    -1.861     0.00    0.00
-100066.367    -1.861     0.00    0.00
 -99781.155    -1.861     0.00    0.00
 -99495.923    -1.861     0.00    0.00
 -99210.669    -1.861     0.00    0.00
 -98925.395    -1.861     0.00    0.00
 -98640.099    -1.861     0.00    0.00
 -98354.783    -1.861     0.00    0.00
 -98069.446    -1.861     0.00    0.00
 -97784.088    -1.861     0.00    0.00
 -97498.710    -1.861     0.00    0.00
 -97213.310    -1.861     0.00    0.00
 -96927.889    -1.861     0.00    0.00
 -96642.448    -1.861     0.00    0.00
 -96356.986    -1.861     0.00    0.00
 -96071.502    -1.861     0.00    0.00
 -95785.998    -1.861     0.00    0.00
 -95500.473    -1.861     0.00    0.00
 -95214.927    -1.861     0.00    0.00
 -94929.361    -1.861     0.00    0.00
 -94643.773    -1.861     0.00    0.00
 -94358.164    -1.861     0.00    0.00
 -94072.535    -1.861     0.00    0.00
 -93786.884    -1.861     0.00    0.00
 -93501.212    -1.861     0.00    0.00
 -93215.520    -1.861     0.00    0.00
 -92929.807    -1.861     0.00    0.00
 -92644.072    -1.861     0.00    0.00
 -92358.317    -1.861     0.00    0.00
 -92072.541    -1.861     0.00    0.00
 -91786.743    -1.861     0.00    0.00
 -91500.925    -1.861     0.00    0.00
 -91215.086    -1.861     0.00    0.00
 -90929.226    -1.861     0.00    0.00
 -90643.344    -1.861     0.00    0.00
 -90357.442    -1.861     0.00    0.00
 -90071.519    -1.861     0.00    0.00
 -89785.575    -1.861     0.00    0.00
 -89499.610    -1.861     0.00    0.00
 -89213.623    -1.861     0.00    0.00
 -88927.616    -1.861     0.00    0.00
 -88641.588    -1.861     0.00    0.00
 -88355.538    -1.861     0.00    0.00
 -88069.468    -1.861     0.00    0.00
 -87783.377    -1.861     0.00    0.00
 -87497.264    -0.668     4.17    6.20
 -87211.131    -0.483     0.65    6.78
 -86924.976     0.411     3.12   10.06
 -86638.801     1.481     3.74   13.73
 -86352.604     1.429    -0.18   14.75
 -86066.386     1.356    -0.25   14.76
 -85780.147    -0.551    -6.66    8.89
 -85493.887    -1.861    -4.57    0.00
 -85207.606    -1.861     0.00    0.00
 -84921.304    -1.800     0.21    0.39
 -84634.981    -1.739     0.22    0.51
 -84348.637    -1.601     0.48    0.96
 -84062.272    -1.373     0.80    1.39
 -83775.885    -1.102     0.95    1.81
 -83489.478    -0.708     1.38    2.24
 -83203.049    -0.343     1.27    2.51
 -82916.599    -0.015     1.14    2.61
 -82630.128     0.186     0.70    2.71
 -82343.636     0.818     2.20    4.16
 -82057.123     2.289     5.13    6.81
 -81770.588     4.059     6.18    9.87
 -81484.033     5.457     4.88   10.94
 -81197.456     5.775     1.11   10.92
 -80910.858     6.032     0.90   10.89
 -80624.239     5.910    -0.42   10.98
 -80337.599     5.272    -2.23   10.70
 -80050.938     3.639    -5.69    9.28
 -79764.255     1.835    -6.30    6.12
 -79477.551     0.554    -4.47    2.94
 -79190.827     2.359     6.29    7.71
 -78904.080     8.067    19.91   20.20
 -78617.313    21.404    46.51   41.79
 -78330.525    40.200    65.53   61.97
 -78043.715    62.676    78.36   76.19
 -77756.884    90.090    95.57   85.89
 -77470.032   115.559    88.78   86.24
 -77183.159   150.944   123.34   90.22
 -76896.264   188.568   131.13   99.96
 -76609.348   233.116   155.26  115.80
 -76322.411   267.669   120.41  115.32
 -76035.453   297.282   103.19  113.15
 -75748.473   320.998    82.63  104.75
 -75461.473   331.535    36.71   95.19
 -75174.450   330.939    -2.07   89.60
 -74887.407   318.639   -42.85   93.30
 -74600.343   302.445   -56.41   99.67
 -74313.257   279.223   -80.89  104.02
 -74026.150   246.627  -113.52   99.27
 -73739.021   214.105  -113.26   95.73
 -73451.871   187.985   -90.96   87.93
 -73164.700   161.580   -91.94   74.82
 -72877.508   135.092   -92.23   62.62
 -72590.295   108.993   -90.86   53.62
 -72303.060    87.347   -75.36   45.53
 -72015.803    76.694   -37.08   42.04
 -71728.526    73.664   -10.55   44.29
 -71441.227    81.374    26.84   53.97
 -71153.907   100.277    65.79   67.62
 -70866.565   130.065   103.66   82.20
 -70579.203   160.883   107.24   87.31
 -70291.818   181.469    71.63   81.96
 -70004.413   201.223    68.73   75.76
 -69716.986   216.558    53.35   69.12
 -69429.538   217.445     3.09   72.42
 -69142.068   203.657   -47.96   81.62
 -68854.577   183.457   -70.26   81.34
 -68567.065   161.010   -78.07   76.63
 -68279.531   146.069   -51.96   76.03
 -67991.976   133.939   -42.18   73.90
 -67704.399   128.711   -18.18   74.85
 -67416.801   128.473    -0.83   71.54
 -67129.182   134.918    22.41   71.96
 -66841.542   143.151    28.62   74.77
 -66553.879   162.139    66.00   91.29
 -66266.196   181.973    68.94  106.05
 -65978.491   197.383    53.56  118.00
 -65690.765   208.298    37.93  127.93
 -65403.017   221.115    44.54  139.82
 -65115.248   231.639    36.57  145.75
 -64827.457   236.054    15.34  142.93
 -64539.645   233.979    -7.21  131.92
 -64251.811   240.977    24.31  123.37
 -63963.956   239.078    -6.60  107.88
 -63676.080   221.687   -60.41  104.45
 -63388.182   209.739   -41.50  101.27
 -63100.263   193.834   -55.24   98.35
 -62812.322   183.127   -37.18   91.21
 -62524.359   168.963   -49.19   79.62
 -62236.376   166.209    -9.56   84.33
 -61948.370   169.892    12.79   88.42
 -61660.343   167.372    -8.75   90.74
 -61372.295   149.763   -61.13   96.72
 -61084.225   127.270   -78.08   96.21
 -60796.134   110.681   -57.58   87.79
 -60508.021   107.794   -10.02   81.78
 -60219.887   105.889    -6.61   75.70
 -59931.731   113.080    24.95   76.56
 -59643.554   133.213    69.86   84.24
 -59355.355   170.237   128.46   95.06
 -59067.134   221.838   179.02  101.31
 -58778.892   273.019   177.55   96.52
 -58490.629   312.298   136.25   96.51
 -58202.344   336.706    84.66   92.59
 -57914.037   348.883    42.24   90.18
 -57625.709   342.103   -23.52  107.13
 -57337.359   323.066   -66.02  130.46
 -57048.987   288.580  -119.58  141.15
 -56760.594   243.860  -155.06  135.80
 -56472.180   209.360  -119.61  124.76
 -56183.744   185.481   -82.79  109.68
 -55895.286   177.696   -26.98   99.26
 -55606.807   181.358    12.69  101.52
 -55318.306   188.139    23.51  110.14
 -55029.783   201.407    45.98  118.14
 -54741.239   236.973   123.25  132.90
 -54452.673   275.747   134.36  143.96
 -54164.086   320.224   154.11  142.93
 -53875.477   360.429   139.30  128.62
 -53586.846   396.188   123.89   91.82
 -53298.194   410.322    48.96   72.20
 -53009.520   408.127    -7.60   70.05
 -52720.824   394.068   -48.70   82.56
 -52432.107   375.580   -64.03   80.81
 -52143.368   366.335   -32.02   83.33
 -51854.608   363.810    -8.74   89.90
 -51565.825   356.615   -24.91   90.32
 -51277.021   348.711   -27.37   91.64
 -50988.196   352.814    14.21   92.44
 -50699.348   349.282   -12.23   98.75
 -50410.479   333.794   -53.61  108.50
 -50121.589   308.563   -87.33  108.46
 -49832.676   285.220   -80.79  105.74
 -49543.742   268.852   -56.65   97.86
 -49254.786   248.628   -69.99   77.56
 -48965.809   236.175   -43.09   59.18
 -48676.810   233.410    -9.57   55.79
 -48387.789   237.916    15.59   54.76
 -48098.746   243.104    17.95   54.11
 -47809.681   251.657    29.59   57.53
 -47520.595   254.235     8.91   60.87
 -47231.487   257.325    10.69   59.91
 -46942.358   257.436     0.38   62.29
 -46653.206   245.835   -40.12   66.98
 -46364.033   228.380   -60.36   71.94
 -46074.838   215.115   -45.87   72.41
 -45785.621   203.176   -41.28   64.26
 -45496.383   191.818   -39.27   57.26
 -45207.122   185.854   -20.62   50.05
 -44917.840   182.269   -12.39   46.34
 -44628.536   187.767    19.01   48.88
 -44339.210   194.825    24.39   50.14
 -44049.863   199.947    17.70   46.12
 -43760.494   211.651    40.45   47.07
 -43471.102   223.020    39.28   49.31
 -43181.689   222.398    -2.15   50.24
 -42892.255   221.461    -3.24   47.59
 -42602.798   228.694    24.99   48.68
 -42313.320   236.103    25.60   55.18
 -42023.819   247.260    38.54   65.73
 -41734.297   264.537    59.67   72.73
 -41444.753   290.054    88.13   71.64
 -41155.187   316.017    89.66   65.60
 -40865.599   333.549    60.54   59.71
 -40575.990   339.139    19.30   59.39
 -40286.358   343.517    15.12   59.34
 -39996.705   346.449    10.12   55.09
 -39707.030   349.532    10.64   53.45
 -39417.333   356.267    23.25   54.88
 -39127.614   362.998    23.23   48.63
 -38837.873   373.775    37.19   40.20
 -38548.110   375.857     7.19   35.78
 -38258.325   375.328    -1.83   37.27
 -37972.931   368.069   -25.43   42.51
 -37687.737   356.068   -42.08   46.66
 -37402.522   341.916   -49.62   47.91
 -37117.286   334.092   -27.43   51.66
 -36832.028   328.872   -18.30   56.25
 -36546.750   321.925   -24.35   60.99
 -36261.451   312.187   -34.13   62.09
 -35976.130   299.473   -44.56   59.00
 -35690.789   282.818   -58.37   61.37
 -35405.427   264.444   -64.39   64.83
 -35120.043   246.115   -64.22   59.53
 -34834.639   228.826   -60.57   48.41
 -34549.214   217.766   -38.75   39.12
 -34263.767   212.688   -17.79   33.33
 -33978.300   214.200     5.30   31.98
 -33692.811   220.839    23.25   34.61
 -33407.302   227.781    24.31   36.57
 -33121.771   234.286    22.78   39.30
 -32836.219   244.766    36.70   40.94
 -32550.647   256.420    40.81   44.73
 -32265.053   269.347    45.26   51.41
 -31979.438   283.908    50.98   58.69
 -31693.802   296.151    42.86   65.42
 -31408.145   309.445    46.54   67.71
 -31122.467   324.279    51.92   65.38
 -30836.767   336.407    42.45   60.56
 -30551.047   342.410    21.01   54.26
 -30265.306   340.937    -5.15   48.89
 -29979.543   336.869   -14.24   46.03
 -29693.759   331.116   -20.13   41.75
 -29407.955   325.316   -20.29   34.88
 -29122.129   320.223   -17.82   29.29
 -28836.282   318.198    -7.08   28.25
 -28550.413   319.473     4.46   31.29
 -28264.524   321.575     7.35   34.32
 -27978.614   319.849    -6.04   37.76
 -27692.682   306.918   -45.22   43.62
 -27406.729   283.568   -81.66   47.26
 -27120.755   263.068   -71.68   45.55
 -26834.760   248.008   -52.66   37.64
 -26548.744   239.043   -31.35   31.47
 -26262.706   240.176     3.96   37.59
 -25976.648   251.371    39.13   49.47
 -25690.568   268.332    59.29   54.31
 -25404.467   285.947    61.57   51.12
 -25118.345   303.176    60.22   48.26
 -24832.201   319.920    58.51   47.78
 -24546.037   334.689    51.61   48.57
 -24259.851   344.871    35.58   53.07
 -23973.644   357.886    45.47   55.48
 -23687.416   373.981    56.23   55.32
 -23401.166   388.127    49.42   51.39
 -23114.896   399.971    41.37   48.29
 -22828.604   408.528    29.89   44.83
 -22542.291   415.965    25.98   39.96
 -22255.956   419.082    10.89   37.05
 -21969.600   417.445    -5.72   37.03
 -21683.224   410.951   -22.68   41.53
 -21396.825   399.128   -41.28   46.14
 -21110.406   383.942   -53.02   45.41
 -20823.965   366.986   -59.19   41.17
 -20537.503   350.872   -56.25   36.91
 -20251.020   342.363   -29.70   33.32
 -19964.516   341.610    -2.63   35.35
 -19677.990   349.586    27.84   38.52
 -19391.443   360.128    36.79   42.66
 -19104.874   372.422    42.90   44.86
 -18818.284   388.163    54.93   43.92
 -18531.673   404.830    58.15   48.88
 -18245.041   423.687    65.79   54.42
 -17958.387   438.249    50.80   56.26
 -17671.712   454.078    55.22   54.90
 -17385.016   466.274    42.54   50.32
 -17098.298   472.465    21.59   46.25
 -16811.560   470.802    -5.80   45.98
 -16524.799   464.017   -23.66   47.22
 -16238.018   451.513   -43.60   48.79
 -15951.214   434.561   -59.11   53.46
 -15664.390   409.284   -88.13   60.48
 -15377.544   388.127   -73.76   60.43
 -15090.677   373.200   -52.04   52.22
 -14803.789   365.223   -27.80   49.54
 -14516.879   369.127    13.61   52.51
 -14229.948   377.163    28.00   55.88
 -13942.995   388.528    39.61   55.92
 -13656.021   401.442    45.00   51.33
 -13369.025   413.105    40.64   45.02
 -13082.009   418.926    20.28   41.58
 -12794.970   418.364    -1.96   40.67
 -12507.911   418.207    -0.55   39.18
 -12220.830   416.151    -7.16   37.66
 -11933.727   417.093     3.28   35.64
 -11646.603   420.292    11.14   35.15
 -11359.458   428.092    27.16   39.77
 -11072.291   449.069    73.05   52.77
 -10785.103   473.735    85.89   66.40
 -10497.893   503.080   102.17   76.97
 -10210.662   543.584   141.01   86.02
  -9923.409   586.525   149.49   93.20
  -9636.135   624.055   130.64   90.43
  -9348.840   649.706    89.28   88.00
  -9061.523   664.067    49.98   91.26
  -8774.184   669.318    18.27  101.05
  -8486.824   656.754   -43.72  108.97
  -8199.443   629.007   -96.55  105.47
  -7912.040   601.066   -97.22   95.28
  -7624.615   575.578   -88.68   83.99
  -7337.169   551.761   -82.86   77.49
  -7049.702   533.139   -64.78   71.46
  -6762.213   519.127   -48.74   64.83
  -6474.702   510.551   -29.83   63.71
  -6187.170   504.047   -22.62   70.56
  -5899.617   494.469   -33.31   77.52
  -5612.041   486.951   -26.14   89.91
  -5324.445   476.963   -34.73   94.37
  -5036.827   456.488   -71.19  106.83
  -4749.187   420.963  -123.51  122.93
  -4461.526   378.234  -148.54  130.90
  -4173.843   336.663  -144.50  133.49
  -3886.138   290.209  -161.46  119.73
  -3598.412   244.339  -159.42   93.00
  -3310.665   206.639  -131.02   71.01
  -3022.896   176.822  -103.62   55.57
  -2735.105   152.604   -84.15   53.59
  -2447.292   125.847   -92.97   57.21
  -2159.459    94.549  -108.73   60.49
  -1871.603    68.971   -88.86   59.04
  -1583.726    47.080   -76.04   53.16
  -1295.827    25.675   -74.35   35.21
  -1007.907    12.645   -45.25   21.17
   -719.965     5.127   -26.11    7.83
   -432.001     2.798    -8.09    3.50
   -144.016     2.316    -1.67    3.33
    143.991     1.580    -2.56    3.00
    432.020     0.763    -2.84    2.42
    720.070     0.244    -1.80    1.59
   1008.142     0.292     0.17    1.43
   1296.235    -0.014    -1.06    1.31
   1584.350    -0.390    -1.31    1.04
   1872.487    -0.414    -0.08    0.98
   2160.646    -0.108     1.06    1.24
   2448.826     0.104     0.73    1.47
   2737.028     0.222     0.41    1.63
   3025.251     1.639     4.92    7.55
   3313.496     7.198    19.29   17.07
   3601.763    20.401    45.80   36.27
   3890.052    41.985    74.87   59.13
   4178.362    75.103   114.87   78.89
   4466.694   112.310   129.04   88.72
   4755.048   150.603   132.80   86.16
   5043.424   186.342   123.93   77.45
   5331.821   216.830   105.72   73.71
   5620.240   245.425    99.15   78.36
   5908.681   280.814   122.69   84.84
   6197.143   311.395   106.02   87.97
   6485.627   329.139    61.51   83.15
   6774.133   332.549    11.82   77.89
   7062.661   323.449   -31.54   79.22
   7351.210   304.822   -64.55   83.91
   7639.782   283.306   -74.56   84.54
   7928.375   250.869  -112.40   77.71
   8216.990   219.292  -109.41   68.80
   8505.626   191.802   -95.24   62.91
   8794.285   166.208   -88.67   61.95
   9082.965   142.511   -82.09   58.52
   9371.667   122.418   -69.60   51.85
   9660.391   111.010   -39.51   38.95
   9949.136   110.783    -0.79   38.48
  10237.904   122.990    42.27   50.86
  10526.693   144.057    72.95   66.86
  10815.504   168.368    84.18   73.41
  11104.337   194.493    90.45   71.65
  11393.192   225.713   108.08   66.31
  11682.068   254.377    99.23   63.72
  11970.967   278.318    82.87   56.46
  12259.887   297.320    65.77   46.12
  12548.829   309.308    41.49   38.98
  12837.793   317.115    27.02   32.83
  13126.779   318.806     5.85   35.56
  13415.787   317.857    -3.28   38.87
  13704.817   309.822   -27.80   47.02
  13993.868   303.256   -22.72   55.92
  14282.942   295.269   -27.63   63.88
  14572.037   286.198   -31.38   73.15
  14861.154   282.651   -12.27   80.38
  15150.293   278.884   -13.03   85.31
  15439.454   278.739    -0.50   90.71
  15728.637   278.163    -1.99   93.70
  16017.842   271.928   -21.56   95.07
  16307.069   261.575   -35.80   97.07
  16596.318   246.575   -51.86   99.13
  16885.588   233.961   -43.61   97.92
  17174.881   221.578   -42.80   92.76
  17464.196   217.700   -13.40   89.90
  17753.532   226.248    29.54   91.05
  18042.891   243.790    60.63   96.14
  18332.271   266.401    78.14   96.50
  18621.674   295.103    99.18   87.95
  18911.098   320.981    89.41   74.25
  19200.544   345.786    85.70   61.07
  19490.013   367.530    75.12   48.78
  19779.503   389.008    74.20   48.80
  20069.015   410.639    74.72   55.37
  20358.550   434.453    82.25   60.49
  20648.106   448.611    48.89   53.42
  20937.684   465.377    57.90   47.32
  21227.285   474.822    32.61   51.19
  21516.907   486.575    40.58   68.76
  21806.552   499.563    44.84   82.70
  22096.218   517.210    60.92   89.93
  22385.907   541.516    83.91   89.94
  22675.617   565.520    82.86   83.78
  22965.350   586.645    72.91   71.78
  23255.104   603.469    58.06   54.59
  23544.881   613.766    35.54   48.96
  23833.506   616.477     9.39   49.12
  24118.651   608.908   -26.55   56.46
  24403.818   595.368   -47.48   64.09
  24689.005   574.116   -74.52   76.06
  24974.214   552.485   -75.84   88.03
  25259.444   528.079   -85.57   88.61
  25544.694   500.449   -96.87   86.86
  25829.966   473.127   -95.78   78.42
  26115.260   448.580   -86.05   66.14
  26400.574   429.199   -67.93   59.04
  26685.909   406.556   -79.36   55.05
  26971.266   386.925   -68.80   49.64
  27256.644   373.892   -45.67   42.14
  27542.043   367.930   -20.89   38.28
  27827.463   366.026    -6.67   37.30
  28112.904   363.692    -8.17   37.13
  28398.366   362.442    -4.38   36.37
  28683.850   361.593    -2.97   39.91
  28969.355   359.488    -7.37   41.89
  29254.881   358.488    -3.50   51.89
  29540.428   367.576    31.83   66.74
  29825.996   381.310    48.09   72.60
  30111.586   392.312    38.52   70.81
  30397.197   388.772   -12.40   74.19
  30682.829   376.300   -43.66   82.78
  30968.482   353.266   -80.64   84.72
  31254.157   326.802   -92.64   76.12
  31539.852   299.825   -94.43   57.02
  31825.569   279.481   -71.21   40.79
  32111.308   274.186   -18.53   39.49
  32397.067   286.953    44.68   62.95
  32682.848   306.539    68.54   76.37
  32968.650   325.681    66.98   82.60
  33254.473   345.961    70.96   84.70
  33540.318   371.520    89.42   83.03
  33826.183   389.310    62.23   72.57
  34112.070   384.609   -16.44   68.14
  34397.979   379.609   -17.49   63.98
  34683.908   379.356    -0.88   67.26
  34969.859   378.549    -2.82   72.38
  35255.832   366.694   -41.46   75.44
  35541.825   347.489   -67.15   77.67
  35827.840   331.971   -54.26   83.74
  36113.876   313.597   -64.24   83.62
  36399.934   301.923   -40.81   80.93
  36686.013   291.079   -37.90   75.47
  36972.113   278.286   -44.72   67.80
  37258.234   277.883    -1.41   64.34
  37544.377   284.042    21.52   58.28
  37830.541   285.985     6.79   47.97
  38116.727   277.449   -29.83   44.23
  38402.934   260.211   -60.23   46.57
  38689.162   239.580   -72.08   55.29
  38975.411   216.849   -79.41   63.04
  39261.682   190.907   -90.62   60.90
  39547.975   166.930   -83.75   52.75
  39834.288   146.427   -71.61   41.13
  40120.623   130.000   -57.37   28.80
  40406.980   120.258   -34.02   18.38
  40693.358   120.735     1.66   24.52
  40979.757   129.292    29.88   36.97
  41266.178   142.675    46.73   45.64
  41552.620   156.634    48.73   47.24
  41839.083   167.634    38.40   44.87
  42125.568   175.450    27.28   40.19
  42412.075   179.849    15.35   36.40
  42698.602   181.963     7.38   33.60
  42985.152   185.704    13.06   33.11
  43271.722   192.675    24.33   33.78
  43558.314   198.908    21.75   31.99
  43844.928   197.995    -3.19   30.69
  44131.563   193.224   -16.65   32.61
  44418.219   184.320   -31.06   37.29
  44704.897   171.079   -46.19   39.89
  44991.597   160.639   -36.42   40.09
  45278.318   151.859   -30.63   34.09
  45565.060   142.054   -34.20   28.00
  45851.824   134.019   -28.02   27.64
  46138.609   130.056   -13.82   26.16
  46425.416   130.598     1.89   26.36
  46712.244   135.699    17.78   29.82
  46999.094   143.437    26.98   33.04
  47285.966   154.568    38.80   37.82
  47572.859   173.069    64.49   43.17
  47859.773   200.210    94.60   52.09
  48146.709   227.767    96.04   61.60
  48433.666   255.351    96.13   68.96
  48720.645   279.845    85.36   69.95
  49007.646   300.895    73.35   62.62
  49294.668   308.814    27.59   55.89
  49581.711   303.415   -18.81   59.86
  49868.777   286.335   -59.50   67.62
  50155.863   265.639   -72.09   63.58
  50442.972   247.507   -63.16   51.28
  50730.102   243.588   -13.65   47.89
  51017.253   254.360    37.52   60.17
  51304.426   277.128    79.28   66.88
  51591.621   302.496    88.33   64.02
  51878.837   324.378    76.19   48.65
  52166.075   337.511    45.73   32.39
  52453.334   333.751   -13.09   34.01
  52740.615   320.176   -47.26   43.20
  53027.918   300.017   -70.17   49.89
  53315.242   278.308   -75.56   51.00
  53602.588   253.866   -85.07   44.75
  53889.956   232.532   -74.24   37.08
  54177.345   213.580   -65.95   33.71
  54464.755   195.056   -64.45   33.72
  54752.188   175.556   -67.85   35.57
  55039.642   157.633   -62.35   36.05
  55327.118   142.871   -51.35   34.42
  55614.615   128.497   -50.00   34.37
  55902.134   111.539   -58.98   32.63
  56189.675   100.760   -37.49   25.88
  56477.237    95.967   -16.67   21.43
  56764.821    97.139     4.08   22.13
  57052.427   100.616    12.09   22.09
  57340.055   105.349    16.45   21.59
  57627.704   111.955    22.97   17.39
  57915.375   117.173    18.14   12.56
  58203.067   119.742     8.93   11.33
  58490.781   121.737     6.94   10.71
  58778.517   123.628     6.57    8.52
  59066.275   125.105     5.13    8.28
  59354.055   126.570     5.09    8.39
  59641.856   127.837     4.40    7.56
  59929.679   127.231    -2.10    8.05
  60217.523   125.139    -7.27   12.40
  60505.390   117.395   -26.90   20.62
  60793.278   106.767   -36.92   26.97
  61081.188    94.504   -42.60   28.30
  61369.119    83.057   -39.76   26.92
  61657.073    72.151   -37.88   20.46
  61945.048    63.842   -28.86    8.44
  62233.045    61.175    -9.26    3.07
  62521.064    61.318     0.50    4.09
  62809.104    61.818     1.74    4.74
  63097.167    62.907     3.78    5.21
  63385.251    64.139     4.28    5.05
  63673.357    66.080     6.74    6.53
  63961.485    71.949    20.37   15.90
  64249.634    80.716    30.43   24.48
  64537.806    92.395    40.53   31.75
  64825.999   106.558    49.15   35.76
  65114.214   121.616    52.25   35.53
  65402.451   137.756    56.00   27.83
  65690.709   146.698    31.02   19.62
  65978.990   151.418    16.38   15.56
  66267.292   154.208     9.68   15.67
  66555.617   154.337     0.45   16.20
  66843.963   153.605    -2.54   15.99
  67132.331   153.709     0.36   15.09
  67420.721   156.384     9.27   15.22
  67709.132   160.000    12.54   14.15
  67997.566   158.669    -4.62   17.99
  68286.022   152.058   -22.92   29.19
  68574.499   140.282   -40.82   39.81
  68862.998   128.670   -40.25   40.93
  69151.520   121.525   -24.76   39.79
  69440.063   114.597   -24.01   36.66
  69728.628   110.573   -13.95   35.57
  70017.215   113.578    10.41   37.55
  70305.824   120.067    22.48   37.59
  70594.454   128.898    30.60   34.44
  70883.107   134.573    19.66   32.56
  71171.782   142.188    26.38   31.77
  71460.478   151.425    32.00   31.27
  71749.197   156.998    19.30   30.73
  72037.938   160.186    11.04   30.30
  72326.700   162.304     7.33   27.59
  72615.484   158.473   -13.27   28.51
  72904.291   145.292   -45.64   39.04
  73193.119   129.457   -54.83   46.20
  73481.970   115.704   -47.62   44.89
  73770.842   103.363   -42.72   37.78
  74059.736    97.445   -20.49   29.46
  74348.653    95.339    -7.29   23.67
  74637.591    98.657    11.48   22.57
  74926.552   106.605    27.51   22.35
  75215.534   118.434    40.94   27.14
  75504.538   131.198    44.17   33.07
  75793.565   141.413    35.35   34.14
  76082.613   148.127    23.23   33.20
  76371.684   152.296    14.42   30.25
  76660.776   150.898    -4.83   30.51
  76949.891   143.055   -27.13   32.85
  77239.028   129.322   -47.50   36.77
  77528.186   113.344   -55.26   35.97
  77817.367    99.935   -46.37   31.54
  78106.570    89.682   -35.46   27.20
  78395.795    81.432   -28.52   22.90
  78685.042    80.747    -2.37   24.57
  78974.311    85.198    15.39   27.27
  79263.602    94.151    30.95   25.33
  79552.915    99.279    17.73   24.16
  79842.250    97.965    -4.54   25.13
  80131.608    95.022   -10.17   25.72
  80420.987    90.198   -16.67   24.16
  80710.389    85.105   -17.60   19.82
  80999.813    84.751    -1.22   20.35
  81289.259    88.563    13.17   24.39
  81578.727    98.737    35.15   30.01
  81868.217   111.128    42.80   29.91
  82157.729   124.539    46.33   28.17
  82447.264   135.986    39.54   25.31
  82736.820   143.592    26.27   20.13
  83026.399   145.862     7.84   18.62
  83316.000   142.802   -10.57   19.51
  83605.623   138.923   -13.40   18.45
  83895.268   133.633   -18.26   19.36
  84184.936   123.404   -35.32   19.50
  84474.625   115.947   -25.75   17.79
  84764.337   111.549   -15.18   16.37
  85054.071   107.103   -15.35   14.67
  85343.827   101.723   -18.57   12.36
  85633.606    97.546   -14.41    6.56
  85920.887    98.198     2.27    9.69
  86206.014   100.726     8.87   11.97
  86491.163   106.918    21.72   19.55
  86776.332   113.128    21.78   23.39
  87061.523   123.651    36.90   28.47
  87346.735   133.059    32.99   31.76
  87631.969   143.407    36.28   36.78
  87917.223   155.918    43.86   42.35
  88202.499   169.663    48.18   47.89
  88487.796   183.477    48.42   47.84
  88773.115   192.791    32.65   49.62
  89058.455   198.841    21.20   52.45
  89343.816   196.220    -9.18   55.47
  89629.198   188.384   -27.46   56.25
  89914.602   177.965   -36.51   51.44
  90200.026   167.593   -36.34   44.71
  90485.473   158.291   -32.59   36.24
  90770.940   151.198   -24.85   28.46
  91056.429   147.921   -11.48   24.33
  91341.939   150.372     8.59   24.26
  91627.471   155.849    19.18   27.38
  91913.024   161.967    21.43   31.11
  92198.598   171.698    34.08   37.52
  92484.194   186.488    51.79   41.32
  92769.810   203.023    57.90   41.92
  93055.449   212.802    34.24   35.68
  93341.108   210.651    -7.53   37.46
  93626.789   198.763   -41.62   49.46
  93912.492   186.128   -44.23   52.70
  94198.215   167.639   -64.71   49.95
  94483.960   151.139   -57.75   38.09
  94769.727   138.965   -42.61   25.15
  95055.515   132.939   -21.09   15.83
  95341.324   134.398     5.10   14.66
  95627.155   138.175    13.21   11.73
  95913.007   141.339    11.07    8.12
  96198.880   143.634     8.03    7.75
  96484.775   145.457     6.38    7.51
  96770.691   146.723     4.43    8.78
  97056.629   146.504    -0.76   10.73
  97342.588   146.622     0.41   11.93
  97628.569   145.986    -2.22   12.62
  97914.571   146.692     2.47   13.04
  98200.594   146.628    -0.23   13.45
  98486.639   146.245    -1.34   12.74
  98772.706   144.139    -7.36   10.83
  99058.794   141.565    -9.00    9.86
  99344.903   139.795    -6.19    9.47
  99631.034   138.852    -3.29    9.22
  99917.186   135.841   -10.53    7.43
 100203.360   132.967   -10.04    7.28
 100489.555   129.921   -10.64    6.84
 100775.772   128.605    -4.60    6.76
 101062.010   127.521    -3.79    6.53
 101348.270   126.196    -4.63    6.41
 101634.551   125.836    -1.26    7.20
 101920.853   124.589    -4.36    7.99
 102207.178   124.342    -0.86    8.85
 102493.524   122.814    -5.34    9.06
 102779.891   120.769    -7.14    9.19
 103066.280   118.530    -7.82    9.18
 103352.690   117.139    -4.86    9.42
 103639.122   115.749    -4.86    9.36
 103925.575   114.151    -5.58    9.29
 104212.050   112.503    -5.75    9.54
 104498.547   110.480    -7.06    9.63
 104785.065   108.530    -6.81    8.92
 105071.605   106.116    -8.43    7.03
 105358.166   104.523    -5.56    5.63
 105644.749   103.692    -2.90    3.87
 105931.353   103.198    -1.72    3.46
 106217.979   102.657    -1.89    3.71
 106504.627   102.127    -1.85    3.93
 106791.296   101.528    -2.09    4.02
 107077.987   100.304    -4.27    3.83
 107364.699    98.916    -4.84    5.00
 107651.433    97.034    -6.57    5.09
 107938.189    95.163    -6.52    5.06
 108224.966    93.775    -4.84    4.79
 108511.765    93.198    -2.01    5.09
 108798.586    90.058   -10.95    8.99
 109085.428    86.360   -12.89   12.91
 109372.292    84.349    -7.01   13.68
 109659.177    83.323    -3.57   14.19
 109946.084    83.093    -0.80   14.40
 110233.013    86.058    10.33   15.52
 110519.963    91.802    20.02   20.39
 110806.935    97.814    20.95   23.47
 111093.929   104.611    23.69   21.96
 111380.945   110.829    21.67   20.50
 111667.982   118.488    26.69   16.29
 111955.041   124.174    19.81   11.80
 112242.121   124.163    -0.04   11.35
 112529.223   121.744    -8.43   12.41
 112816.347   118.105   -12.68   15.40
 113103.493   113.810   -14.96   18.18
 113390.660   108.492   -18.52   18.81
 113677.849   102.742   -20.03   16.53
 113965.060    98.772   -13.82   12.88
 114252.293    97.346    -4.96   10.68
 114539.547    97.093    -0.88    8.95
 114826.823    99.442     8.18    9.82
 115114.121   102.961    12.25   10.55
 115401.440   105.925    10.32   10.30
 115688.782   108.699     9.65   10.52
 115976.145   111.969    11.38   11.65
 116263.529   113.066     3.82   11.22
 116550.936   112.030    -3.61   11.84
 116838.364   110.561    -5.11   11.79
 117125.815   109.306    -4.37   11.38
 117413.286   108.223    -3.77   10.54
 117700.780   107.699    -1.82    8.89
 117988.296   107.699     0.00    7.29
 118275.833   109.104     4.89    7.81
 118563.392   111.284     7.58    8.59
 118850.973   112.850     5.45    9.53
 119138.576   113.969     3.89    9.33
 119426.201   115.298     4.62    9.53
 119713.847   118.573    11.39   12.20
 120001.515   121.651    10.70   12.56
 120289.205   124.069     8.40   12.55
 120576.917   125.291     4.25   12.83
 120864.651   127.209     6.67   12.59
 121152.407   127.553     1.20   12.26
 121440.184   129.027     5.12   10.96
 121727.984   127.988    -3.61   10.45
 122015.805   126.895    -3.80   10.51
 122303.648   126.814    -0.28    9.49
 122591.513   127.369     1.93    8.83
 122879.400   126.837    -1.85    8.81
 123167.309   126.151    -2.38    9.16
 123455.240   124.942    -4.20    9.06
 123743.192   122.737    -7.66    9.97
 124031.167   120.806    -6.71   10.45
 124319.163   118.392    -8.38    9.72
 124607.181   115.923    -8.57    8.26
 124895.222   114.674    -4.34    7.65
 125183.284   114.314    -1.25    7.11
 125471.368   114.586     0.95    6.66
 125759.474   114.316    -0.94    7.00
 126047.602   113.951    -1.27    7.35
 126335.752   113.747    -0.71    7.52
 126623.924   113.022    -2.52    8.17
 126912.118   111.770    -4.34    8.74
 127200.334   109.842    -6.69    8.51
 127488.572   107.532    -8.01    8.26
 127776.831   105.735    -6.24    9.03
 128065.113   103.222    -8.72    8.42
 128353.417   102.692    -1.84    8.22
 128641.743   103.798     3.84    8.80
 128930.091   104.930     3.93    8.79
 129218.460   106.530     5.55    8.82
 129506.852   106.772     0.84    7.84
 129795.266   106.220    -1.91    8.27
 130083.702   104.279    -6.73    9.15
 130372.160   101.605    -9.27    9.32
 130660.639    98.634   -10.30    8.94
 130949.141    95.760    -9.96    7.15
 131237.665    93.875    -6.53    5.13
 131526.211    94.220     1.20    6.56
 131814.779    97.232    10.44    9.51
 132103.369   101.291    14.06   11.48
 132391.982   105.450    14.41   11.61
 132680.616   109.254    13.18    9.77
 132969.272   112.381    10.83    6.90
 133257.951   114.415     7.05    4.78
 133546.651   115.209     2.75    5.94
 133835.374   116.354     3.96    6.50
 134124.118   117.371     3.52    6.91
 134412.885   118.754     4.79    7.18
 134701.674   120.597     6.38    7.01
 134990.485   121.898     4.51    6.07
 135279.318   123.330     4.96    4.75
 135568.173   124.556     4.25    3.66
 135857.050   125.758     4.16    3.55
 136145.950   126.532     2.68    3.88
 136434.871   127.200     2.31    4.28
 136723.815   127.652     1.56    4.54
 137012.781   127.822     0.59    4.42
 137301.769   128.223     1.39    4.51
 137590.779   128.770     1.90    5.22
 137879.812   127.951    -2.83    5.76
 138168.866   126.000    -6.75    7.02
 138457.943   123.657    -8.11    8.29
 138747.042   121.037    -9.06    8.32
 139036.163   117.287   -12.97    9.65
 139325.306   113.011   -14.79   11.61
 139614.471   106.438   -22.73   15.83
 139903.659    98.721   -26.69   21.03
 140192.869    89.407   -32.21   25.95
 140482.101    76.511   -44.59   34.27
 140771.355    61.256   -52.75   39.06
 141060.632    44.094   -59.33   39.37
 141349.930    28.412   -54.21   34.25
 141639.251    15.965   -43.03   26.51
 141928.595     7.256   -30.10   16.64
 142217.960     2.704   -15.73    6.21
 142507.348     2.034    -2.32    2.12
 142796.758     2.258     0.78    1.97
 143086.190     2.634     1.30    2.10
 143375.644     2.692     0.20    2.06
 143665.121     2.663    -0.10    2.03
 143954.620     2.747     0.29    1.92
 144244.141     2.763     0.06    2.36
 144533.685     3.866     3.81    6.26
 144823.251     8.139    14.76   14.90
 145112.839    13.932    20.01   21.72
 145402.449    20.024    21.04   26.45
 145692.082    28.036    27.66   31.29
 145981.737    35.553    25.96   33.89
 146271.415    44.046    29.32   35.07
 146561.114    52.369    28.73   33.70
 146850.836    58.208    20.16   32.84
 147140.581    63.427    18.01   30.70
 147430.347    69.461    20.83   28.38
 147720.137    74.465    17.27   25.48
 148006.092    77.302     9.92   22.03
 148291.205    80.442    11.01   18.38
 148576.339    84.769    15.18   15.19
 148861.494    88.903    14.50   16.44
 149146.670    94.381    19.21   18.09
 149431.868   100.254    20.60   18.45
 149717.087   107.392    25.03   17.23
 150002.328   113.772    22.37   15.05
 150287.590   118.744    17.43   13.38
 150572.874   123.604    17.04   11.30
 150858.178   126.758    11.06    9.72
 151143.505   128.639     6.59    9.29
 151428.852   130.032     4.88    9.22
 151714.221   131.544     5.30    9.49
 151999.612   131.985     1.54    9.23
 152285.024   130.525    -5.12   10.06
 152570.457   126.944   -12.55   13.07
 152855.912   119.306   -26.76   24.77
 153141.388   106.539   -44.73   35.74
 153426.886    95.904   -37.26   40.28
 153712.405    88.360   -26.42   42.35
 153997.946    84.221   -14.50   44.21
 154283.508    81.418    -9.81   46.75
 154569.091    79.070    -8.23   50.08
 154854.696    75.669   -11.91   53.28
 155140.323    72.669   -10.50   56.07
 155425.971    66.267   -22.41   56.70
 155711.640    55.756   -36.80   55.00
 155997.331    44.093   -40.83   48.96
 156283.043    30.798   -46.54   35.56
 156568.777    21.351   -33.07   21.68
 156854.533    14.763   -23.06    6.63
 157140.310    13.034    -6.05    2.11
 157426.108    12.634    -1.40    2.06
 157711.928    12.410    -0.78    1.90
 157997.770    11.998    -1.44    1.79
 158283.633    11.892    -0.37    1.75
 158569.517    11.837    -0.19    1.83
 158855.423    11.852     0.05    1.69
 159141.351    11.887     0.12    1.57
 159427.300    11.818    -0.24    1.62
 159713.271    11.887     0.24    1.59
 159999.264    11.837    -0.17    1.90
 160285.278    13.795     6.85   10.13
 160571.313    20.818    24.56   24.38
 160857.370    32.726    41.63   39.05
 161143.449    49.093    57.22   48.63
 161429.549    64.231    52.92   51.03
 161715.671    78.392    49.50   48.16
 162001.814    91.772    46.76   40.93
 162287.979   105.935    49.50   28.70
 162574.166   116.401    36.58   12.31
 162860.374   120.106    12.95    8.49
 163146.604   122.787     9.37    9.38
 163432.856   126.921    14.44   10.09
 163719.129   132.231    18.55    8.91
 164005.424   136.000    13.16    7.15
 164291.740   138.507     8.76    6.70
 164578.078   139.852     4.70    6.67
 164864.438   141.035     4.13    6.68
 165150.820   140.932    -0.36    6.93
 165437.223   140.036    -3.13    7.67
 165723.647   137.967    -7.22    8.77
 166010.094   136.783    -4.13    8.92
 166296.562   137.772     3.45    9.99
 166583.052   139.852     7.26   10.71
 166869.563   137.651    -7.68   13.57
 167156.096   134.310   -11.66   16.23
 167442.651   130.691   -12.63   18.06
 167729.228   130.243    -1.56   18.76
 168015.826   131.849     5.60   20.82
 168302.446   132.174     1.13   21.36
 168589.087   131.469    -2.46   20.69
 168875.751   135.198    13.01   21.29
 169162.436   141.605    22.35   23.28
 169449.143   147.767    21.50   22.81
 169735.871   154.221    22.51   23.07
 170022.622   160.523    21.98   21.61
 170309.394   166.901    22.24   18.25
 170596.188   169.842    10.25   15.29
 170883.003   169.434    -1.42   14.67
 171169.841   168.639    -2.77   14.84
 171456.700   166.079    -8.93   14.58
 171743.581   164.296    -6.22   13.14
 172030.484   164.091    -0.71   12.87
 172317.408   164.054    -0.13   12.86
 172604.354   165.054     3.49   12.57
 172891.322   166.566     5.27   12.77
 173178.312   168.078     5.27   14.68
 173465.324   170.889     9.80   16.30
 173752.358   172.634     6.08   16.14
 174039.413   172.539    -0.33   17.77
 174326.490   169.588   -10.28   24.53
 174613.589   162.139   -25.95   36.30
 174900.710   144.139   -62.70   52.57
 175187.852   124.117   -69.74   57.68
 175475.017   105.117   -66.18   54.03
 175762.203    94.427   -37.23   47.91
 176049.412    91.901    -8.80   44.77
 176336.642    98.207    21.96   47.75
 176623.893   110.915    44.25   51.96
 176911.167   129.881    66.03   49.98
 177198.463   147.173    60.20   42.64
 177485.781   161.544    50.02   28.87
 177773.120   168.151    23.00   15.46
 178060.481   162.321   -20.29   26.20
 178347.864   151.806   -36.59   31.31
 178635.270   147.254   -15.84   31.33
 178922.697   148.719     5.10   34.56
 179210.146   160.548    41.16   52.13
 179497.616   185.566    87.04   75.14
 179785.109   225.967   140.55   89.06
 180072.624   276.162   174.61   95.79
 180360.161   330.802   190.06  105.86
 180647.719   385.544   190.40  105.91
 180935.300   430.139   155.09   94.95
 181222.902   463.766   116.94   77.62
 181510.527   476.416    43.99   71.94
 181798.173   471.657   -16.55   84.17
 182085.841   441.008  -106.56  106.49
 182373.532   390.425  -175.85  117.01
 182661.244   329.449  -211.97  118.75
 182948.978   265.937  -220.77  119.22
 183236.734   206.866  -205.32  112.20
 183524.513   151.139  -193.67   95.79
 183812.313   107.151  -152.87   74.89
 184100.135    77.046  -104.61   54.00
 184387.979    59.453   -61.13   38.21
 184675.846    52.221   -25.13   31.42
 184963.734    53.427     4.19   37.30
 185251.644    60.128    23.28   43.51
 185539.577    69.492    32.53   47.51
 185827.531    83.764    49.57   50.69
 186115.507    99.333    54.07   50.85
 186403.506   117.093    61.68   46.16
 186691.526   129.461    42.95   39.40
 186979.569   138.059    29.85   34.86
 187267.634   144.662    22.93   31.05
 187555.720   147.814    10.94   31.79
 187843.829   146.535    -4.44   30.81
 188131.960   143.905    -9.13   29.26
 188420.113   141.961    -6.75   26.54
 188708.288   141.999     0.13   24.50
 188996.485   140.939    -3.68   21.29
