-286255.370   -33.049     0.00    0.00
-285969.801   -33.049     0.00    0.00
-285684.212   -33.049     0.00    0.00
-285398.602   -33.049     0.00    0.00
-285112.971   -33.049     0.00    0.00
-284827.320   -33.049     0.00    0.00
-284541.649   -33.049     0.00    0.00
-284255.957   -33.049     0.00    0.00
-283970.245   -33.049     0.00    0.00
-283684.512   -33.049     0.00    0.00
-283398.759   -33.049     0.00    0.00
-283112.985   -33.049     0.00    0.00
-282827.191   -33.049     0.00    0.00
-282541.376   -33.049     0.00    0.00
-282255.541   -33.049     0.00    0.00
-281969.685   -33.049     0.00    0.00
-281683.809   -33.049     0.00    0.00
-281397.912   -33.049     0.00    0.00
-281111.994   -33.049     0.00    0.00
-280826.057   -33.049     0.00    0.00
-280540.098   -33.049     0.00    0.00
-280254.119   -33.049     0.00    0.00
-279968.120   -33.049     0.00    0.00
-279682.099   -33.049     0.00    0.00
-279396.059   -33.049     0.00    0.00
-279109.998   -33.049     0.00    0.00
-278823.916   -33.049     0.00    0.00
-278537.813   -33.049     0.00    0.00
-278251.691   -33.049     0.00    0.00
-277965.547   -33.049     0.00    0.00
-277679.383   -33.049     0.00    0.00
-277393.198   -33.049     0.00    0.00
-277106.993   -33.049     0.00    0.00
-276820.767   -33.049     0.00    0.00
-276534.521   -33.049     0.00    0.00
-276248.254   -33.049     0.00    0.00
-275961.966   -33.049     0.00    0.00
-275675.658   -33.049     0.00    0.00
-275389.329   -33.049     0.00    0.00
-275102.979   -33.049     0.00    0.00
-274816.609   -33.049     0.00    0.00
-274530.218   -33.049     0.00    0.00
-274243.807   -33.049     0.00    0.00
-273957.375   -33.049     0.00    0.00
-273670.922   -33.049     0.00    0.00
-273384.448   -33.049     0.00    0.00
-273097.954   -33.049     0.00    0.00
-272811.440   -33.049     0.00    0.00
-272524.904   -33.049     0.00    0.00
-272238.348   -33.049     0.00    0.00
-271951.771   -33.049     0.00    0.00
-271665.174   -33.049     0.00    0.00
-271378.556   -33.049     0.00    0.00
-271091.917   -33.049     0.00    0.00
-270805.257   -33.049     0.00    0.00
-270518.577   -33.049     0.00    0.00
-270231.876   -33.049     0.00    0.00
-269945.154   -33.049     0.00    0.00
-269658.412   -33.049     0.00    0.00
-269371.649   -33.049     0.00    0.00
-269084.865   -33.049     0.00    0.00
-268798.061   -33.049     0.00    0.00
-268511.235   -33.049     0.00    0.00
-268224.389   -33.049     0.00    0.00
-267937.523   -33.049     0.00    0.00
-267650.635   -33.049     0.00    0.00
-267363.727   -33.049     0.00    0.00
-267076.798   -33.049     0.00    0.00
-266789.848   -33.049     0.00    0.00
-266502.877   -33.049     0.00    0.00
-266215.886   -33.049     0.00    0.00
-265928.874   -33.049     0.00    0.00
-265641.841   -33.049     0.00    0.00
-265354.787   -33.049     0.00    0.00
-265067.713   -33.049     0.00    0.00
-264780.618   -33.049     0.00    0.00
-264493.501   -33.049     0.00    0.00
-264206.365   -33.049     0.00    0.00
-263919.207   -33.049     0.00    0.00
-263632.028   -33.049     0.00    0.00
-263344.829   -33.049     0.00    0.00
-263057.609   -33.049     0.00    0.00
-262770.368   -33.049     0.00    0.00
-262483.106   -33.049     0.00    0.00
-262195.823   -33.049     0.00    0.00
-261908.520   -33.049     0.00    0.00
-261621.195   -33.049     0.00    0.00
-261333.850   -33.049     0.00    0.00
-261046.484   -33.049     0.00    0.00
-260759.097   -33.049     0.00    0.00
-260471.689   -33.049     0.00    0.00
-260184.260   -33.049     0.00    0.00
-259896.811   -33.049     0.00    0.00
-259609.340   -33.049     0.00    0.00
-259321.849   -33.049     0.00    0.00
-259034.337   -33.049     0.00    0.00
-258746.804   -33.049     0.00    0.00
-258459.250   -33.049     0.00    0.00
-258171.675   -33.049     0.00    0.00
-257884.079   -33.049     0.00    0.00
-257596.462   -33.049     0.00    0.00
-257308.824   -33.049     0.00    0.00
-257021.166   -33.049     0.00    0.00
-256733.486   -33.049     0.00    0.00
-256445.786   -33.049     0.00    0.00
-256158.064   -33.049     0.00    0.00
-255870.322   -33.049     0.00    0.00
-255582.558   -33.049     0.00    0.00
-255294.774   -33.049     0.00    0.00
-255006.969   -33.049     0.00    0.00
-254719.143   -33.049     0.00    0.00
-254431.295   -33.049     0.00    0.00
-254143.427   -33.049     0.00    0.00
-253855.538   -33.049     0.00    0.00
-253567.628   -33.049     0.00    0.00
-253279.697   -33.049     0.00    0.00
-252991.745   -33.049     0.00    0.00
-252703.771   -33.049     0.00    0.00
-252415.777   -33.049     0.00    0.00
-252127.762   -33.049     0.00    0.00
-251839.726   -33.049     0.00    0.00
-251551.669   -33.049     0.00    0.00
-251263.591   -33.049     0.00    0.00
-250975.491   -33.049     0.00    0.00
-250687.371   -33.049     0.00    0.00
-250399.230   -33.049     0.00    0.00
-250111.067   -33.049     0.00    0.00
-249822.884   -33.049     0.00    0.00
-249534.679   -33.049     0.00    0.00
-249246.454   -33.049     0.00    0.00
-248958.207   -33.049     0.00    0.00
-248669.940   -33.049     0.00    0.00
-248381.651   -33.049     0.00    0.00
-248093.341   -33.049     0.00    0.00
-247805.010   -33.049     0.00    0.00
-247516.658   -33.049     0.00    0.00
-247228.285   -33.049     0.00    0.00
-246939.891   -33.049     0.00    0.00
-246651.476   -33.049     0.00    0.00
-246363.039   -33.049     0.00    0.00
-246074.582   -33.049     0.00    0.00
-245786.103   -33.049     0.00    0.00
-245497.604   -33.049     0.00    0.00
-245209.083   -33.049     0.00    0.00
-244920.541   -33.049     0.00    0.00
-244631.978   -33.049     0.00    0.00
-244343.393   -33.049     0.00    0.00
-244054.788   -33.049     0.00    0.00
-243766.161   -33.049     0.00    0.00
-243477.514   -33.049     0.00    0.00
-243188.845   -33.049     0.00    0.00
-242900.155   -33.049     0.00    0.00
-242611.444   -33.049     0.00    0.00
-242322.711   -33.049     0.00    0.00
-242033.958   -33.049     0.00    0.00
-241745.183   -33.049     0.00    0.00
-241456.387   -33.049     0.00    0.00
-241167.570   -33.049     0.00    0.00
-240878.731   -33.049     0.00    0.00
-240589.872   -33.049     0.00    0.00
-240300.991   -33.049     0.00    0.00
-240012.089   -33.049     0.00    0.00
-239723.166   -33.049     0.00    0.00
-239434.222   -33.049     0.00    0.00
-239145.256   -33.049     0.00    0.00
-238856.269   -33.049     0.00    0.00
-238567.261   -33.049     0.00    0.00
-238278.232   -33.049     0.00    0.00
-237989.181   -33.049     0.00    0.00
-237700.109   -33.049     0.00    0.00
-237411.016   -33.049     0.00    0.00
-237121.901   -33.049     0.00    0.00
-236832.766   -33.049     0.00    0.00
-236543.609   -33.049     0.00    0.00
-236254.431   -33.049     0.00    0.00
-235965.231   -33.049     0.00    0.00
-235676.010   -33.049     0.00    0.00
-235386.768   -33.049     0.00    0.00
-235097.505   -33.049     0.00    0.00
-234808.220   -33.049     0.00    0.00
-234518.914   -33.049     0.00    0.00
-234229.587   -33.049     0.00    0.00
-233940.238   -33.049     0.00    0.00
-233650.868   -33.049     0.00    0.00
-233361.477   -33.049     0.00    0.00
-233072.064   -33.049     0.00    0.00
-232782.630   -33.049     0.00    0.00
-232493.175   -33.049     0.00    0.00
-232203.698   -33.049     0.00    0.00
-231914.200   -33.049     0.00    0.00
-231624.681   -33.049     0.00    0.00
-231335.140   -33.049     0.00    0.00
-231045.578   -33.049     0.00    0.00
-230755.995   -33.049     0.00    0.00
-230466.390   -33.049     0.00    0.00
-230176.763   -33.049     0.00    0.00
-229887.116   -33.049     0.00    0.00
-229597.447   -33.049     0.00    0.00
-229307.756   -33.049     0.00    0.00
-229018.045   -33.049     0.00    0.00
-228728.311   -33.049     0.00    0.00
-228438.557   -33.049     0.00    0.00
-228148.930   -33.049     0.00    0.00
-227863.681   -33.049     0.00    0.00
-227578.412   -33.049     0.00    0.00
-227293.122   -33.049     0.00    0.00
-227007.811   -33.049     0.00    0.00
-226722.480   -33.049     0.00    0.00
-226437.129   -33.049     0.00    0.00
-226151.756   -33.049     0.00    0.00
-225866.364   -33.049     0.00    0.00
-225580.950   -33.049     0.00    0.00
-225295.517   -33.049     0.00    0.00
-225010.062   -33.049     0.00    0.00
-224724.587   -33.049     0.00    0.00
-224439.091   -33.049     0.00    0.00
-224153.575   -33.049     0.00    0.00
-223868.038   -33.049     0.00    0.00
-223582.481   -33.049     0.00    0.00
-223296.903   -33.049     0.00    0.00
-223011.304   -33.049     0.00    0.00
-222725.685   -33.049     0.00    0.00
-222440.045   -33.049     0.00    0.00
-222154.384   -33.049     0.00    0.00
-221868.703   -33.049     0.00    0.00
-221583.001   -33.049     0.00    0.00
-221297.279   -33.049     0.00    0.00
-221011.536   -33.049     0.00    0.00
-220725.772   -33.049     0.00    0.00
-220439.987   -33.049     0.00    0.00
-220154.182   -33.049     0.00    0.00
-219868.356   -33.049     0.00    0.00
-219582.510   -33.049     0.00    0.00
-219296.643   -33.049     0.00    0.00
-219010.755   -33.049     0.00    0.00
-218724.846   -33.049     0.00    0.00
-218438.917   -33.049     0.00    0.00
-218152.967   -33.049     0.00    0.00
-217866.997   -33.049     0.00    0.00
-217581.005   -33.049     0.00    0.00
-217294.993   -33.049     0.00    0.00
-217008.960   -33.049     0.00    0.00
-216722.907   -33.049     0.00    0.00
-216436.833   -33.049     0.00    0.00
-216150.738   -33.049     0.00    0.00
-215864.622   -33.049     0.00    0.00
-215578.486   -33.049     0.00    0.00
-215292.328   -33.049     0.00    0.00
-215006.151   -33.049     0.00    0.00
-214719.952   -33.049     0.00    0.00
-214433.732   -33.049     0.00    0.00
-214147.492   -33.049     0.00    0.00
-213861.231   -33.049     0.00    0.00
-213574.949   -33.049     0.00    0.00
-213288.647   -33.049     0.00    0.00
-213002.324   -33.049     0.00    0.00
-212715.979   -33.049     0.00    0.00
-212429.615   -33.049     0.00    0.00
-212143.229   -33.049     0.00    0.00
-211856.822   -33.049     0.00    0.00
-211570.395   -33.049     0.00    0.00
-211283.947   -33.049     0.00    0.00
-210997.478   -33.049     0.00    0.00
-210710.988   -33.049     0.00    0.00
-210424.478   -33.049     0.00    0.00
-210137.946   -33.049     0.00    0.00
-209851.394   -33.049     0.00    0.00
-209564.821   -33.049     0.00    0.00
-209278.227   -33.049     0.00    0.00
-208991.612   -33.049     0.00    0.00
-208704.976   -33.049     0.00    0.00
-208418.320   -33.049     0.00    0.00
-208131.642   -33.049     0.00    0.00
-207844.944   -33.049     0.00    0.00
-207558.225   -33.049     0.00    0.00
-207271.485   -33.049     0.00    0.00
-206984.724   -33.049     0.00    0.00
-206697.942   -33.049     0.00    0.00
-206411.140   -33.049     0.00    0.00
-206124.316   -33.049     0.00    0.00
-205837.472   -33.049     0.00    0.00
-205550.606   -33.049     0.00    0.00
-205263.720   -33.049     0.00    0.00
-204976.813   -33.049     0.00    0.00
-204689.884   -33.049     0.00    0.00
-204402.935   -33.049     0.00    0.00
-204115.965   -33.049     0.00    0.00
-203828.974   -33.049     0.00    0.00
-203541.963   -33.049     0.00    0.00
-203254.930   -33.049     0.00    0.00
-202967.876   -33.049     0.00    0.00
-202680.801   -33.049     0.00    0.00
-202393.705   -33.049     0.00    0.00
-202106.589   -33.049     0.00    0.00
-201819.451   -33.049     0.00    0.00
-201532.292   -33.049     0.00    0.00
-201245.113   -33.049     0.00    0.00
-200957.912   -33.049     0.00    0.00
-200670.691   -33.049     0.00    0.00
-200383.448   -33.049     0.00    0.00
-200096.184   -33.049     0.00    0.00
-199808.900   -33.049     0.00    0.00
-199521.594   -33.049     0.00    0.00
-199234.267   -33.049     0.00    0.00
-198946.920   -33.049     0.00    0.00
-198659.551   -33.049     0.00    0.00
-198372.161   -33.049     0.00    0.00
-198084.751   -33.049     0.00    0.00
-197797.319   -33.049     0.00    0.00
-197509.866   -33.049     0.00    0.00
-197222.392   -33.049     0.00    0.00
-196934.897   -33.049     0.00    0.00
-196647.381   -33.049     0.00    0.00
-196359.844   -33.049     0.00    0.00
-196072.286   -33.049     0.00    0.00
-195784.707   -33.049     0.00    0.00
-195497.106   -33.049     0.00    0.00
-195209.485   -33.049     0.00    0.00
-194921.843   -33.049     0.00    0.00
-194634.179   -33.049     0.00    0.00
-194346.494   -33.049     0.00    0.00
-194058.789   -33.049     0.00    0.00
-193771.062   -33.049     0.00    0.00
-193483.314   -33.049     0.00    0.00
-193195.545   -33.049     0.00    0.00
-192907.755   -33.049     0.00    0.00
-192619.943   -33.049     0.00    0.00
-192332.111   -33.049     0.00    0.00
-192044.257   -33.049     0.00    0.00
-191756.382   -33.049     0.00    0.00
-191468.486   -33.049     0.00    0.00
-191180.569   -33.049     0.00    0.00
-190892.631   -33.049     0.00    0.00
-190604.672   -33.049     0.00    0.00
-190316.691   -33.049     0.00    0.00
-190028.689   -33.049     0.00    0.00
-189740.666   -33.049     0.00    0.00
-189452.622   -33.049     0.00    0.00
-189164.557   -33.049     0.00    0.00
-188876.471   -33.049     0.00    0.00
-188588.363   -33.049     0.00    0.00
-188300.234   -33.049     0.00    0.00
-188012.084   -33.049     0.00    0.00
-187723.913   -33.049     0.00    0.00
-187435.720   -33.049     0.00    0.00
-187147.506   -33.049     0.00    0.00
-186859.272   -33.049     0.00    0.00
-186571.015   -33.049     0.00    0.00
-186282.738   -33.049     0.00    0.00
-185994.439   -33.049     0.00    0.00
-185706.119   -33.049     0.00    0.00
-185417.778   -33.049     0.00    0.00
-185129.416   -33.049     0.00    0.00
-184841.032   -33.049     0.00    0.00
-184552.627   -33.049     0.00    0.00
-184264.201   -33.049     0.00    0.00
-183975.753   -33.049     0.00    0.00
-183687.285   -33.049     0.00    0.00
-183398.795   -33.049     0.00    0.00
-183110.283   -33.049     0.00    0.00
-182821.751   -33.049     0.00    0.00
-182533.197   -33.049     0.00    0.00
-182244.621   -33.049     0.00    0.00
-181956.025   -33.049     0.00    0.00
-181667.407   -33.049     0.00    0.00
-181378.768   -33.049     0.00    0.00
-181090.107   -33.049     0.00    0.00
-180801.425   -33.049     0.00    0.00
-180512.722   -33.049     0.00    0.00
-180223.997   -33.049     0.00    0.00
-179935.252   -33.049     0.00    0.00
-179646.484   -33.049     0.00    0.00
-179357.696   -33.049     0.00    0.00
-179068.886   -33.049     0.00    0.00
-178780.054   -33.049     0.00    0.00
-178491.202   -33.049     0.00    0.00
-178202.328   -33.049     0.00    0.00
-177913.432   -33.049     0.00    0.00
-177624.515   -33.049     0.00    0.00
-177335.577   -33.049     0.00    0.00
-177046.618   -33.049     0.00    0.00
-176757.636   -33.049     0.00    0.00
-176468.634   -33.049     0.00    0.00
-176179.610   -33.049     0.00    0.00
-175890.565   -33.049     0.00    0.00
-175601.498   -33.049     0.00    0.00
-175312.410   -33.049     0.00    0.00
-175023.301   -33.049     0.00    0.00
-174734.170   -33.049     0.00    0.00
-174445.017   -33.049     0.00    0.00
-174155.843   -33.049     0.00    0.00
-173866.648   -33.049     0.00    0.00
-173577.431   -33.049     0.00    0.00
-173288.193   -33.049     0.00    0.00
-172998.933   -33.049     0.00    0.00
-172709.652   -33.049     0.00    0.00
-172420.350   -33.049     0.00    0.00
-172131.025   -33.049     0.00    0.00
-171841.680   -33.049     0.00    0.00
-171552.313   -33.049     0.00    0.00
-171262.924   -33.049     0.00    0.00
-170973.514   -33.049     0.00    0.00
-170684.082   -33.049     0.00    0.00
-170394.629   -33.049     0.00    0.00
-170105.155   -33.049     0.00    0.00
-169815.658   -33.049     0.00    0.00
-169526.141   -33.049     0.00    0.00
-169236.602   -33.049     0.00    0.00
-168947.041   -33.049     0.00    0.00
-168657.458   -33.049     0.00    0.00
-168367.855   -33.049     0.00    0.00
-168078.229   -33.049     0.00    0.00
-167788.582   -33.049     0.00    0.00
-167498.914   -33.049     0.00    0.00
-167209.224   -33.049     0.00    0.00
-166919.512   -33.049     0.00    0.00
-166629.779   -33.049     0.00    0.00
-166340.024   -33.049     0.00    0.00
-166051.815   -33.049     0.00    0.00
-165766.583   -33.049     0.00    0.00
-165481.330   -33.049     0.00    0.00
-165196.056   -33.049     0.00    0.00
-164910.762   -33.049     0.00    0.00
-164625.447   -33.049     0.00    0.00
-164340.111   -33.049     0.00    0.00
-164054.755   -33.049     0.00    0.00
-163769.378   -33.049     0.00    0.00
-163483.980   -33.049     0.00    0.00
-163198.561   -33.049     0.00    0.00
-162913.122   -33.049     0.00    0.00
-162627.661   -33.049     0.00    0.00
-162342.181   -33.049     0.00    0.00
-162056.679   -33.049     0.00    0.00
-161771.157   -33.049     0.00    0.00
-161485.613   -33.049     0.00    0.00
-161200.050   -33.049     0.00    0.00
-160914.465   -33.049     0.00    0.00
-160628.859   -33.049     0.00    0.00
-160343.233   -33.049     0.00    0.00
-160057.586   -33.049     0.00    0.00
-159771.918   -33.049     0.00    0.00
-159486.230   -33.049     0.00    0.00
-159200.520   -33.049     0.00    0.00
-158914.790   -33.049     0.00    0.00
-158629.039   -33.049     0.00    0.00
-158343.267   -33.049     0.00    0.00
-158057.475   -33.049     0.00    0.00
-157771.661   -33.049     0.00    0.00
-157485.827   -33.049     0.00    0.00
-157199.972   -33.049     0.00    0.00
-156914.096   -33.049     0.00    0.00
-156628.199   -33.049     0.00    0.00
-156342.281   -33.049     0.00    0.00
-156056.343   -33.049     0.00    0.00
-155770.383   -33.049     0.00    0.00
-155484.403   -33.049     0.00    0.00
-155198.402   -33.049     0.00    0.00
-154912.380   -33.049     0.00    0.00
-154626.337   -33.049     0.00    0.00
-154340.273   -33.049     0.00    0.00
-154054.188   -33.049     0.00    0.00
-153768.083   -33.049     0.00    0.00
-153481.956   -33.049     0.00    0.00
-153195.809   -33.049     0.00    0.00
-152909.641   -33.049     0.00    0.00
-152623.452   -33.049     0.00    0.00
-152337.242   -33.049     0.00    0.00
-152051.011   -33.049     0.00    0.00
-151764.759   -33.049     0.00    0.00
-151478.486   -33.049     0.00    0.00
-151192.192   -33.049     0.00    0.00
-150905.877   -33.049     0.00    0.00
-150619.542   -33.049     0.00    0.00
-150333.185   -33.049     0.00    0.00
-150046.808   -33.049     0.00    0.00
-149760.409   -33.049     0.00    0.00
-149473.989   -33.049     0.00    0.00
-149187.549   -33.049     0.00    0.00
-148901.088   -33.049     0.00    0.00
-148614.605   -33.049     0.00    0.00
-148328.102   -33.049     0.00    0.00
-148041.577   -33.049     0.00    0.00
-147755.032   -33.049     0.00    0.00
-147468.466   -33.049     0.00    0.00
-147181.878   -33.049     0.00    0.00
-146895.270   -33.049     0.00    0.00
-146608.640   -33.049     0.00    0.00
-146321.990   -33.049     0.00    0.00
-146035.319   -33.049     0.00    0.00
-145748.626   -33.049     0.00    0.00
-145461.913   -33.049     0.00    0.00
-145175.178   -33.049     0.00    0.00
-144888.422   -33.049     0.00    0.00
-144601.646   -33.049     0.00    0.00
-144314.848   -33.049     0.00    0.00
-144028.029   -33.049     0.00    0.00
-143741.189   -33.049     0.00    0.00
-143454.329   -33.049     0.00    0.00
-143167.447   -33.049     0.00    0.00
-142880.544   -33.049     0.00    0.00
-142593.619   -33.049     0.00    0.00
-142306.674   -33.049     0.00    0.00
-142019.708   -33.049     0.00    0.00
-141732.721   -33.049     0.00    0.00
-141445.712   -33.049     0.00    0.00
-141158.683   -33.049     0.00    0.00
-140871.632   -33.049     0.00    0.00
-140584.560   -33.049     0.00    0.00
-140297.467   -33.049     0.00    0.00
-140010.353   -33.049     0.00    0.00
-139723.218   -33.049     0.00    0.00
-139436.062   -33.049     0.00    0.00
-139148.884   -33.049     0.00    0.00
-138861.685   -33.049     0.00    0.00
-138574.466   -33.049     0.00    0.00
-138287.225   -33.049     0.00    0.00
-137999.963   -33.049     0.00    0.00
-137712.679   -33.049     0.00    0.00
-137425.375   -33.049     0.00    0.00
-137138.049   -33.049     0.00    0.00
-136850.703   -33.049     0.00    0.00
-136563.335   -33.049     0.00    0.00
-136275.945   -33.049     0.00    0.00
-135988.535   -33.049     0.00    0.00
-135701.104   -33.049     0.00    0.00
-135413.651   -33.049     0.00    0.00
-135126.177   -33.049     0.00    0.00
-134838.682   -33.049     0.00    0.00
-134551.165   -33.049     0.00    0.00
-134263.628   -33.049     0.00    0.00
-133976.069   -33.049     0.00    0.00
-133688.489   -33.049     0.00    0.00
-133400.887   -33.049     0.00    0.00
-133113.265   -33.049     0.00    0.00
-132825.621   -33.049     0.00    0.00
-132537.956   -33.049     0.00    0.00
-132250.270   -33.049     0.00    0.00
-131962.562   -33.049     0.00    0.00
-131674.833   -33.049     0.00    0.00
-131387.083   -33.049     0.00    0.00
-131099.312   -33.049     0.00    0.00
-130811.519   -33.049     0.00    0.00
-130523.705   -33.049     0.00    0.00
-130235.870   -33.049     0.00    0.00
-129948.013   -33.049     0.00    0.00
-129660.135   -33.049     0.00    0.00
-129372.236   -33.049     0.00    0.00
-129084.316   -33.049     0.00    0.00
-128796.374   -33.049     0.00    0.00
-128508.411   -33.049     0.00    0.00
-128220.426   -33.049     0.00    0.00
-127932.420   -33.049     0.00    0.00
-127644.393   -33.049     0.00    0.00
-127356.345   -33.049     0.00    0.00
-127068.275   -33.049     0.00    0.00
-126780.184   -33.049     0.00    0.00
-126492.071   -33.049     0.00    0.00
-126203.937   -33.049     0.00    0.00
-125915.782   -33.049     0.00    0.00
-125627.605   -33.049     0.00    0.00
-125339.407   -33.049     0.00    0.00
-125051.188   -33.049     0.00    0.00
-124762.947   -33.049     0.00    0.00
-124474.685   -33.049     0.00    0.00
-124186.401   -33.049     0.00    0.00
-123898.096   -33.049     0.00    0.00
-123609.770   -33.049     0.00    0.00
-123321.422   -33.049     0.00    0.00
-123033.053   -33.049     0.00    0.00
-122744.662   -33.049     0.00    0.00
-122456.250   -33.049     0.00    0.00
-122167.816   -33.049     0.00    0.00
-121879.361   -33.049     0.00    0.00
-121590.885   -33.049     0.00    0.00
-121302.387   -33.049     0.00    0.00
-121013.868   -33.049     0.00    0.00
-120725.327   -33.049     0.00    0.00
-120436.765   -33.049     0.00    0.00
-120148.181   -33.049     0.00    0.00
-119859.576   -33.049     0.00    0.00
-119570.949   -33.049     0.00    0.00
-119282.301   -33.049     0.00    0.00
-118993.632   -33.049     0.00    0.00
-118704.940   -33.049     0.00    0.00
-118416.228   -33.049     0.00    0.00
-118127.494   -33.049     0.00    0.00
-117838.738   -33.049     0.00    0.00
-117549.961   -33.049     0.00    0.00
-117261.162   -33.049     0.00    0.00
-116972.342   -33.049     0.00    0.00
-116683.500   -33.049     0.00    0.00
-116394.637   -33.049     0.00    0.00
-116105.752   -33.049     0.00    0.00
-115816.846   -33.049     0.00    0.00
-115527.918   -33.049     0.00    0.00
-115238.968   -33.049     0.00    0.00
-114949.997   -33.049     0.00    0.00
-114661.005   -33.049     0.00    0.00
-114371.991   -33.049     0.00    0.00
-114082.955   -33.049     0.00    0.00
-113793.898   -33.049     0.00    0.00
-113504.819   -33.049     0.00    0.00
-113215.718   -33.049     0.00    0.00
-112926.596   -33.049     0.00    0.00
-112637.452   -33.049     0.00    0.00
-112348.287   -33.049     0.00    0.00
-112059.100   -33.049     0.00    0.00
-111769.892   -33.049     0.00    0.00
-111480.662   -33.049     0.00    0.00
-111191.410   -33.049     0.00    0.00
-110902.136   -33.049     0.00    0.00
-110612.841   -33.049     0.00    0.00
-110323.525   -33.049     0.00    0.00
-110034.186   -33.049     0.00    0.00
-109744.826   -33.049     0.00    0.00
-109455.445   -33.049     0.00    0.00
-109166.041   -33.049     0.00    0.00
-108876.617   -33.049     0.00    0.00
-108587.170   -33.049     0.00    0.00
-108297.702   -33.049     0.00    0.00
-108008.212   -33.049     0.00    0.00
-107718.700   -33.049     0.00    0.00
-107429.167   -33.049     0.00    0.00
-107139.611   -33.049     0.00    0.00
-106850.035   -33.049     0.00    0.00
-106560.436   -33.049     0.00    0.00
-106270.816   -33.049     0.00    0.00
-105981.174   -33.049     0.00    0.00
-105691.510   -33.049     0.00    0.00
-105401.825   -33.049     0.00    0.00
-105112.118   -33.049     0.00    0.00
-104822.389   -33.049     0.00    0.00
-104532.639   -33.049     0.00    0.00
-104242.866   -33.049     0.00    0.00
-103956.070   -33.049     0.00    0.00
-103670.859   -33.049     0.00    0.00
-103385.627   -33.049     0.00    0.00
-103100.374   -33.049     0.00    0.00
-102815.101   -33.049     0.00    0.00
-102529.807   -33.049     0.00    0.00
-102244.492   -33.049     0.00    0.00
-101959.156   -33.049     0.00    0.00
-101673.799   -33.049     0.00    0.00
-101388.421   -33.049     0.00    0.00
-101103.022   -33.049     0.00    0.00
-100817.603   -33.049     0.00    0.00
-100532.162   -33.049     0.00    0.00
-100246.701   -33.049     0.00    0.00
 -99961.219   -33.049     0.00    0.00
 -99675.716   -33.049     0.00    0.00
 -99390.192   -33.049     0.00    0.00
 -99104.647   -33.049     0.00    0.00
 -98819.081   -33.049     0.00    0.00
 -98533.494   -33.049     0.00    0.00
 -98247.886   -33.049     0.00    0.00
 -97962.258   -33.049     0.00    0.00
 -97676.608   -33.049     0.00    0.00
 -97390.938   -33.049     0.00    0.00
 -97105.246   -33.049     0.00    0.00
 -96819.534   -33.049     0.00    0.00
 -96533.800   -33.049     0.00    0.00
 -96248.046   -33.049     0.00    0.00
 -95962.271   -33.049     0.00    0.00
 -95676.474   -33.049     0.00    0.00
 -95390.657   -33.049     0.00    0.00
 -95104.819   -33.049     0.00    0.00
 -94818.960   -33.049     0.00    0.00
 -94533.079   -33.049     0.00    0.00
 -94247.178   -33.049     0.00    0.00
 -93961.256   -33.049     0.00    0.00
 -93675.313   -33.049     0.00    0.00
 -93389.349   -33.049     0.00    0.00
 -93103.363   -33.049     0.00    0.00
 -92817.357   -33.049     0.00    0.00
 -92531.330   -33.049     0.00    0.00
 -92245.281   -33.049     0.00    0.00
 -91959.212   -33.049     0.00    0.00
 -91673.122   -33.049     0.00    0.00
 -91387.010   -31.856     4.17    6.20
 -91100.878   -31.671     0.65    6.78
 -90814.724   -30.778     3.12   10.06
 -90528.549   -29.708     3.74   13.73
 -90242.354   -29.760    -0.18   14.75
 -89956.137   -29.832    -0.25   14.76
 -89669.899   -31.740    -6.66    8.89
 -89383.640   -33.049    -4.57    0.00
 -89097.360   -33.049     0.00    0.00
 -88811.059   -32.989     0.21    0.39
 -88524.737   -32.927     0.22    0.51
 -88238.394   -32.790     0.48    0.96
 -87952.029   -32.561     0.80    1.39
 -87665.644   -32.290     0.95    1.81
 -87379.237   -31.896     1.38    2.24
 -87092.810   -31.531     1.27    2.51
 -86806.361   -31.204     1.14    2.61
 -86519.891   -31.002     0.70    2.71
 -86233.400   -30.371     2.20    4.16
 -85946.887   -28.900     5.13    6.81
 -85660.354   -27.130     6.18    9.87
 -85373.799   -25.731     4.88   10.94
 -85087.224   -25.414     1.11   10.92
 -84800.627   -25.156     0.90   10.89
 -84514.009   -25.278    -0.42   10.98
 -84227.370   -25.917    -2.23   10.70
 -83940.709   -27.549    -5.69    9.28
 -83654.028   -29.354    -6.30    6.12
 -83367.325   -30.635    -4.47    2.94
 -83080.601   -28.830     6.29    7.71
 -82793.856   -23.121    19.91   20.20
 -82507.090    -9.784    46.51   41.79
 -82220.302     9.012    65.53   61.97
 -81933.493    31.487    78.36   76.19
 -81646.664    58.901    95.57   85.89
 -81359.812    84.371    88.78   86.24
 -81072.940   119.756   123.34   90.22
 -80786.046   157.379   131.13   99.96
 -80499.132   201.928   155.26  115.80
 -80212.196   236.480   120.41  115.32
 -79925.238   266.094   103.19  113.15
 -79638.260   289.810    82.63  104.75
 -79351.260   300.346    36.71   95.19
 -79064.239   299.751    -2.07   89.60
 -78777.197   287.451   -42.85   93.30
 -78490.133   271.257   -56.41   99.67
 -78203.048   248.034   -80.89  104.02
 -77915.942   215.439  -113.52   99.27
 -77628.814   182.916  -113.26   95.73
 -77341.666   156.796   -90.96   87.93
 -77054.496   130.391   -91.94   74.82
 -76767.304   103.903   -92.23   62.62
 -76480.092    77.805   -90.86   53.62
 -76192.858    56.158   -75.36   45.53
 -75905.603    45.505   -37.08   42.04
 -75618.326    42.475   -10.55   44.29
 -75331.028    50.185    26.84   53.97
 -75043.709    69.088    65.79   67.62
 -74756.369    98.877   103.66   82.20
 -74469.007   129.695   107.24   87.31
 -74181.624   150.280    71.63   81.96
 -73894.219   170.034    68.73   75.76
 -73606.793   185.369    53.35   69.12
 -73319.346   186.257     3.09   72.42
 -73031.877   172.469   -47.96   81.62
 -72744.387   152.269   -70.26   81.34
 -72456.876   129.821   -78.07   76.63
 -72169.343   114.880   -51.96   76.03
 -71881.789   102.751   -42.18   73.90
 -71594.213    97.522   -18.18   74.85
 -71306.617    97.284    -0.83   71.54
 -71018.998   103.730    22.41   71.96
 -70731.359   111.963    28.62   74.77
 -70443.697   130.951    66.00   91.29
 -70156.015   150.784    68.94  106.05
 -69868.311   166.195    53.56  118.00
 -69580.586   177.109    37.93  127.93
 -69292.839   189.927    44.54  139.82
 -69005.071   200.451    36.57  145.75
 -68717.281   204.865    15.34  142.93
 -68429.470   202.790    -7.21  131.92
 -68141.637   209.788    24.31  123.37
 -67853.783   207.889    -6.60  107.88
 -67565.908   190.498   -60.41  104.45
 -67278.011   178.551   -41.50  101.27
 -66990.093   162.645   -55.24   98.35
 -66702.153   151.939   -37.18   91.21
 -66414.191   137.774   -49.19   79.62
 -66126.209   135.021    -9.56   84.33
 -65838.204   138.704    12.79   88.42
 -65550.178   136.183    -8.75   90.74
 -65262.131   118.574   -61.13   96.72
 -64974.062    96.082   -78.08   96.21
 -64685.972    79.492   -57.58   87.79
 -64397.860    76.606   -10.02   81.78
 -64109.727    74.701    -6.61   75.70
 -63821.572    81.891    24.95   76.56
 -63533.396   102.024    69.86   84.24
 -63245.198   139.048   128.46   95.06
 -62956.978   190.650   179.02  101.31
 -62668.737   241.830   177.55   96.52
 -62380.475   281.109   136.25   96.51
 -62092.190   305.517    84.66   92.59
 -61803.885   317.695    42.24   90.18
 -61515.557   310.914   -23.52  107.13
 -61227.209   291.878   -66.02  130.46
 -60938.838   257.391  -119.58  141.15
 -60650.446   212.672  -155.06  135.80
 -60362.033   178.172  -119.61  124.76
 -60073.598   154.292   -82.79  109.68
 -59785.141   146.508   -26.98   99.26
 -59496.663   150.169    12.69  101.52
 -59208.163   156.951    23.51  110.14
 -58919.641   170.218    45.98  118.14
 -58631.098   205.784   123.25  132.90
 -58342.533   244.558   134.36  143.96
 -58053.947   289.035   154.11  142.93
 -57765.339   329.240   139.30  128.62
 -57476.709   365.000   123.89   91.82
 -57188.058   379.134    48.96   72.20
 -56899.385   376.939    -7.60   70.05
 -56610.690   362.879   -48.70   82.56
 -56321.974   344.391   -64.03   80.81
 -56033.236   335.146   -32.02   83.33
 -55744.476   332.622    -8.74   89.90
 -55455.695   325.426   -24.91   90.32
 -55166.892   317.522   -27.37   91.64
 -54878.067   321.626    14.21   92.44
 -54589.221   318.094   -12.23   98.75
 -54300.353   302.606   -53.61  108.50
 -54011.463   277.374   -87.33  108.46
 -53722.552   254.031   -80.79  105.74
 -53433.619   237.663   -56.65   97.86
 -53144.664   217.439   -69.99   77.56
 -52855.688   204.986   -43.09   59.18
 -52566.689   202.221    -9.57   55.79
 -52277.669   206.727    15.59   54.76
 -51988.628   211.915    17.95   54.11
 -51699.564   220.469    29.59   57.53
 -51410.479   223.046     8.91   60.87
 -51121.372   226.136    10.69   59.91
 -50832.243   226.247     0.38   62.29
 -50543.093   214.646   -40.12   66.98
 -50253.921   197.192   -60.36   71.94
 -49964.727   183.927   -45.87   72.41
 -49675.511   171.987   -41.28   64.26
 -49386.273   160.629   -39.27   57.26
 -49097.014   154.665   -20.62   50.05
 -48807.733   151.080   -12.39   46.34
 -48518.430   156.579    19.01   48.88
 -48229.105   163.637    24.39   50.14
 -47939.759   168.758    17.70   46.12
 -47650.390   180.463    40.45   47.07
 -47361.000   191.832    39.28   49.31
 -47071.588   191.210    -2.15   50.24
 -46782.154   190.272    -3.24   47.59
 -46492.699   197.505    24.99   48.68
 -46203.221   204.915    25.60   55.18
 -45913.722   216.071    38.54   65.73
 -45624.201   233.348    59.67   72.73
 -45334.658   258.865    88.13   71.64
 -45045.093   284.829    89.66   65.60
 -44755.506   302.360    60.54   59.71
 -44465.898   307.951    19.30   59.39
 -44176.267   312.329    15.12   59.34
 -43886.615   315.260    10.12   55.09
 -43596.940   318.344    10.64   53.45
 -43307.244   325.079    23.25   54.88
 -43017.526   331.810    23.23   48.63
 -42727.786   342.586    37.19   40.20
 -42438.025   344.669     7.19   35.78
 -42148.241   344.139    -1.83   37.27
 -41862.848   336.880   -25.43   42.51
 -41577.655   324.879   -42.08   46.66
 -41292.440   310.727   -49.62   47.91
 -41007.205   302.904   -27.43   51.66
 -40721.949   297.683   -18.30   56.25
 -40436.671   290.737   -24.35   60.99
 -40151.373   280.998   -34.13   62.09
 -39866.054   268.284   -44.56   59.00
 -39580.714   251.629   -58.37   61.37
 -39295.352   233.256   -64.39   64.83
 -39009.970   214.926   -64.22   59.53
 -38724.566   197.638   -60.57   48.41
 -38439.142   186.577   -38.75   39.12
 -38153.697   181.500   -17.79   33.33
 -37868.230   183.012     5.30   31.98
 -37582.743   189.651    23.25   34.61
 -37297.234   196.593    24.31   36.57
 -37011.704   203.097    22.78   39.30
 -36726.154   213.577    36.70   40.94
 -36440.582   225.231    40.81   44.73
 -36154.989   238.158    45.26   51.41
 -35869.375   252.719    50.98   58.69
 -35583.740   264.963    42.86   65.42
 -35298.084   278.257    46.54   67.71
 -35012.407   293.090    51.92   65.38
 -34726.709   305.218    42.45   60.56
 -34440.989   311.221    21.01   54.26
 -34155.249   309.748    -5.15   48.89
 -33869.487   305.680   -14.24   46.03
 -33583.704   299.927   -20.13   41.75
 -33297.901   294.127   -20.29   34.88
 -33012.076   289.034   -17.82   29.29
 -32726.230   287.010    -7.08   28.25
 -32440.362   288.284     4.46   31.29
 -32154.474   290.386     7.35   34.32
 -31868.565   288.660    -6.04   37.76
 -31582.634   275.730   -45.22   43.62
 -31296.682   252.379   -81.66   47.26
 -31010.709   231.879   -71.68   45.55
 -30724.715   216.820   -52.66   37.64
 -30438.700   207.854   -31.35   31.47
 -30152.663   208.987     3.96   37.59
 -29866.606   220.183    39.13   49.47
 -29580.527   237.144    59.29   54.31
 -29294.427   254.758    61.57   51.12
 -29008.306   271.987    60.22   48.26
 -28722.163   288.731    58.51   47.78
 -28436.000   303.501    51.61   48.57
 -28149.815   313.683    35.58   53.07
 -27863.609   326.698    45.47   55.48
 -27577.381   342.792    56.23   55.32
 -27291.133   356.939    49.42   51.39
 -27004.863   368.782    41.37   48.29
 -26718.572   377.339    29.89   44.83
 -26432.260   384.776    25.98   39.96
 -26145.927   387.893    10.89   37.05
 -25859.572   386.257    -5.72   37.03
 -25573.196   379.763   -22.68   41.53
 -25286.799   367.939   -41.28   46.14
 -25000.380   352.753   -53.02   45.41
 -24713.941   335.798   -59.19   41.17
 -24427.480   319.683   -56.25   36.91
 -24140.997   311.174   -29.70   33.32
 -23854.494   310.421    -2.63   35.35
 -23567.969   318.398    27.84   38.52
 -23281.423   328.939    36.79   42.66
 -22994.856   341.233    42.90   44.86
 -22708.267   356.975    54.93   43.92
 -22421.657   373.641    58.15   48.88
 -22135.025   392.498    65.79   54.42
 -21848.373   407.061    50.80   56.26
 -21561.699   422.890    55.22   54.90
 -21275.003   435.085    42.54   50.32
 -20988.287   441.276    21.59   46.25
 -20701.549   439.614    -5.80   45.98
 -20414.789   432.829   -23.66   47.22
 -20128.009   420.324   -43.60   48.79
 -19841.207   403.373   -59.11   53.46
 -19554.383   378.095   -88.13   60.48
 -19267.538   356.939   -73.76   60.43
 -18980.672   342.011   -52.04   52.22
 -18693.785   334.034   -27.80   49.54
 -18406.876   337.939    13.61   52.51
 -18119.946   345.974    28.00   55.88
 -17832.994   357.339    39.61   55.92
 -17546.021   370.253    45.00   51.33
 -17259.027   381.916    40.64   45.02
 -16972.011   387.737    20.28   41.58
 -16684.973   387.176    -1.96   40.67
 -16397.915   387.018    -0.55   39.18
 -16110.835   384.962    -7.16   37.66
 -15823.733   385.904     3.28   35.64
 -15536.610   389.104    11.14   35.15
 -15249.466   396.904    27.16   39.77
 -14962.300   417.880    73.05   52.77
 -14675.113   442.546    85.89   66.40
 -14387.904   471.891   102.17   76.97
 -14100.674   512.395   141.01   86.02
 -13813.422   555.336   149.49   93.20
 -13526.149   592.867   130.64   90.43
 -13238.854   618.517    89.28   88.00
 -12951.538   632.879    49.98   91.26
 -12664.201   638.129    18.27  101.05
 -12376.842   625.565   -43.72  108.97
 -12089.461   597.818   -96.55  105.47
 -11802.059   569.878   -97.22   95.28
 -11514.636   544.390   -88.68   83.99
 -11227.191   520.573   -82.86   77.49
 -10939.724   501.951   -64.78   71.46
 -10652.236   487.939   -48.74   64.83
 -10364.727   479.363   -29.83   63.71
 -10077.196   472.859   -22.62   70.56
  -9789.643   463.280   -33.31   77.52
  -9502.069   455.763   -26.14   89.91
  -9214.473   445.774   -34.73   94.37
  -8926.856   425.300   -71.19  106.83
  -8639.217   389.774  -123.51  122.93
  -8351.557   347.045  -148.54  130.90
  -8063.875   305.474  -144.50  133.49
  -7776.172   259.021  -161.46  119.73
  -7488.447   213.151  -159.42   93.00
  -7200.700   175.451  -131.02   71.01
  -6912.932   145.633  -103.62   55.57
  -6625.142   121.415   -84.15   53.59
  -6337.331    94.658   -92.97   57.21
  -6049.498    63.360  -108.73   60.49
  -5761.643    37.782   -88.86   59.04
  -5473.767    15.891   -76.04   53.16
  -5185.870    -5.513   -74.35   35.21
  -4897.950   -18.543   -45.25   21.17
  -4610.009   -26.061   -26.11    7.83
  -4322.047   -28.390    -8.09    3.50
  -4034.062   -28.873    -1.67    3.33
  -3746.056   -29.609    -2.56    3.00
  -3458.029   -30.426    -2.84    2.42
  -3169.980   -30.944    -1.80    1.59
  -2881.909   -30.896     0.17    1.43
  -2593.816   -31.202    -1.06    1.31
  -2305.702   -31.579    -1.31    1.04
  -2017.566   -31.602    -0.08    0.98
  -1729.409   -31.296     1.06    1.24
  -1441.230   -31.084     0.73    1.47
  -1153.029   -30.967     0.41    1.63
   -864.806   -29.549     4.92    7.55
   -576.562   -23.990    19.29   17.07
   -288.296   -10.787    45.80   36.27
     -0.008    10.796    74.87   59.13
    288.301    43.914   114.87   78.89
    576.632    81.122   129.04   88.72
    864.985   119.414   132.80   86.16
   1153.359   155.153   123.93   77.45
   1441.756   185.641   105.72   73.71
   1730.174   214.237    99.15   78.36
   2018.613   249.626   122.69   84.84
   2307.075   280.207   106.02   87.97
   2595.558   297.951    61.51   83.15
   2884.063   301.360    11.82   77.89
   3172.590   292.260   -31.54   79.22
   3461.138   273.633   -64.55   83.91
   3749.709   252.118   -74.56   84.54
   4038.301   219.680  -112.40   77.71
   4326.914   188.104  -109.41   68.80
   4615.550   160.614   -95.24   62.91
   4904.208   135.020   -88.67   61.95
   5192.887   111.323   -82.09   58.52
   5481.588    91.230   -69.60   51.85
   5770.311    79.821   -39.51   38.95
   6059.055    79.595    -0.79   38.48
   6347.822    91.801    42.27   50.86
   6636.610   112.869    72.95   66.86
   6925.420   137.180    84.18   73.41
   7214.252   163.305    90.45   71.65
   7503.106   194.524   108.08   66.31
   7791.981   223.189    99.23   63.72
   8080.879   247.129    82.87   56.46
   8369.798   266.132    65.77   46.12
   8658.739   278.120    41.49   38.98
   8947.702   285.927    27.02   32.83
   9236.687   287.618     5.85   35.56
   9525.694   286.669    -3.28   38.87
   9814.723   278.633   -27.80   47.02
  10103.773   272.067   -22.72   55.92
  10392.846   264.080   -27.63   63.88
  10681.940   255.009   -31.38   73.15
  10971.056   251.462   -12.27   80.38
  11260.194   247.695   -13.03   85.31
  11549.354   247.551    -0.50   90.71
  11838.536   246.974    -1.99   93.70
  12127.740   240.739   -21.56   95.07
  12416.966   230.386   -35.80   97.07
  12706.214   215.386   -51.86   99.13
  12995.484   202.772   -43.61   97.92
  13284.775   190.390   -42.80   92.76
  13574.089   186.512   -13.40   89.90
  13863.424   195.059    29.54   91.05
  14152.782   212.601    60.63   96.14
  14442.161   235.213    78.14   96.50
  14731.563   263.915    99.18   87.95
  15020.986   289.792    89.41   74.25
  15310.432   314.597    85.70   61.07
  15599.899   336.341    75.12   48.78
  15889.388   357.820    74.20   48.80
  16178.900   379.451    74.72   55.37
  16468.433   403.265    82.25   60.49
  16757.988   417.422    48.89   53.42
  17047.566   434.189    57.90   47.32
  17337.165   443.633    32.61   51.19
  17626.786   455.386    40.58   68.76
  17916.430   468.374    44.84   82.70
  18206.095   486.021    60.92   89.93
  18495.783   510.327    83.91   89.94
  18785.492   534.332    82.86   83.78
  19075.224   555.457    72.91   71.78
  19364.978   572.280    58.06   54.59
  19654.753   582.577    35.54   48.96
  19943.377   585.288     9.39   49.12
  20228.522   577.719   -26.55   56.46
  20513.687   564.180   -47.48   64.09
  20798.874   542.927   -74.52   76.06
  21084.081   521.296   -75.84   88.03
  21369.310   496.891   -85.57   88.61
  21654.560   469.260   -96.87   86.86
  21939.831   441.939   -95.78   78.42
  22225.123   417.391   -86.05   66.14
  22510.436   398.010   -67.93   59.04
  22795.771   375.368   -79.36   55.05
  23081.126   355.737   -68.80   49.64
  23366.503   342.704   -45.67   42.14
  23651.901   336.742   -20.89   38.28
  23937.320   334.837    -6.67   37.30
  24222.761   332.504    -8.17   37.13
  24508.222   331.253    -4.38   36.37
  24793.705   330.404    -2.97   39.91
  25079.208   328.300    -7.37   41.89
  25364.734   327.300    -3.50   51.89
  25650.280   336.388    31.83   66.74
  25935.847   350.121    48.09   72.60
  26221.436   361.123    38.52   70.81
  26507.046   357.583   -12.40   74.19
  26792.677   345.112   -43.66   82.78
  27078.329   322.077   -80.64   84.72
  27364.003   295.614   -92.64   76.12
  27649.697   268.637   -94.43   57.02
  27935.413   248.292   -71.21   40.79
  28221.151   242.997   -18.53   39.49
  28506.909   255.765    44.68   62.95
  28792.689   275.351    68.54   76.37
  29078.490   294.492    66.98   82.60
  29364.312   314.772    70.96   84.70
  29650.156   340.332    89.42   83.03
  29936.021   358.122    62.23   72.57
  30221.907   353.421   -16.44   68.14
  30507.814   348.421   -17.49   63.98
  30793.743   348.168    -0.88   67.26
  31079.693   347.360    -2.82   72.38
  31365.664   335.505   -41.46   75.44
  31651.657   316.300   -67.15   77.67
  31937.670   300.782   -54.26   83.74
  32223.706   282.409   -64.24   83.62
  32509.762   270.734   -40.81   80.93
  32795.840   259.891   -37.90   75.47
  33081.939   247.097   -44.72   67.80
  33368.060   246.695    -1.41   64.34
  33654.201   252.853    21.52   58.28
  33940.365   254.796     6.79   47.97
  34226.549   246.260   -29.83   44.23
  34512.755   229.022   -60.23   46.57
  34798.982   208.391   -72.08   55.29
  35085.231   185.660   -79.41   63.04
  35371.501   159.718   -90.62   60.90
  35657.792   135.742   -83.75   52.75
  35944.105   115.238   -71.61   41.13
  36230.439    98.811   -57.37   28.80
  36516.795    89.070   -34.02   18.38
  36803.172    89.546     1.66   24.52
  37089.570    98.104    29.88   36.97
  37375.990   111.487    46.73   45.64
  37662.431   125.445    48.73   47.24
  37948.893   136.445    38.40   44.87
  38235.377   144.261    27.28   40.19
  38521.883   148.660    15.35   36.40
  38808.409   150.774     7.38   33.60
  39094.958   154.516    13.06   33.11
  39381.527   161.487    24.33   33.78
  39668.118   167.719    21.75   31.99
  39954.731   166.806    -3.19   30.69
  40241.365   162.035   -16.65   32.61
  40528.021   153.132   -31.06   37.29
  40814.697   139.891   -46.19   39.89
  41101.396   129.451   -36.42   40.09
  41388.116   120.670   -30.63   34.09
  41674.857   110.865   -34.20   28.00
  41961.620   102.830   -28.02   27.64
  42248.404    98.868   -13.82   26.16
  42535.210    99.410     1.89   26.36
  42822.038   104.510    17.78   29.82
  43108.887   112.248    26.98   33.04
  43395.757   123.379    38.80   37.82
  43682.649   141.880    64.49   43.17
  43969.562   169.021    94.60   52.09
  44256.497   196.579    96.04   61.60
  44543.454   224.163    96.13   68.96
  44830.432   248.657    85.36   69.95
  45117.431   269.707    73.35   62.62
  45404.452   277.625    27.59   55.89
  45691.495   272.227   -18.81   59.86
  45978.559   255.146   -59.50   67.62
  46265.645   234.451   -72.09   63.58
  46552.752   216.319   -63.16   51.28
  46839.881   212.399   -13.65   47.89
  47127.032   223.172    37.52   60.17
  47414.204   245.939    79.28   66.88
  47701.397   271.307    88.33   64.02
  47988.613   293.189    76.19   48.65
  48275.849   306.323    45.73   32.39
  48563.108   302.563   -13.09   34.01
  48850.388   288.987   -47.26   43.20
  49137.690   268.829   -70.17   49.89
  49425.013   247.120   -75.56   51.00
  49712.358   222.677   -85.07   44.75
  49999.724   201.344   -74.24   37.08
  50287.112   182.391   -65.95   33.71
  50574.522   163.868   -64.45   33.72
  50861.954   144.368   -67.85   35.57
  51149.407   126.445   -62.35   36.05
  51436.882   111.683   -51.35   34.42
  51724.378    97.308   -50.00   34.37
  52011.896    80.351   -58.98   32.63
  52299.436    69.572   -37.49   25.88
  52586.997    64.778   -16.67   21.43
  52874.580    65.951     4.08   22.13
  53162.185    69.428    12.09   22.09
  53449.812    74.160    16.45   21.59
  53737.460    80.767    22.97   17.39
  54025.130    85.985    18.14   12.56
  54312.821    88.553     8.93   11.33
  54600.535    90.549     6.94   10.71
  54888.270    92.439     6.57    8.52
  55176.026    93.916     5.13    8.28
  55463.805    95.381     5.09    8.39
  55751.605    96.649     4.40    7.56
  56039.427    96.043    -2.10    8.05
  56327.270    93.951    -7.27   12.40
  56615.136    86.207   -26.90   20.62
  56903.023    75.579   -36.92   26.97
  57190.932    63.316   -42.60   28.30
  57478.863    51.869   -39.76   26.92
  57766.815    40.963   -37.88   20.46
  58054.789    32.653   -28.86    8.44
  58342.785    29.987    -9.26    3.07
  58630.803    30.129     0.50    4.09
  58918.843    30.629     1.74    4.74
  59206.904    31.718     3.78    5.21
  59494.987    32.951     4.28    5.05
  59783.092    34.891     6.74    6.53
  60071.219    40.760    20.37   15.90
  60359.368    49.527    30.43   24.48
  60647.538    61.207    40.53   31.75
  60935.730    75.369    49.15   35.76
  61223.944    90.428    52.25   35.53
  61512.180   106.567    56.00   27.83
  61800.438   115.509    31.02   19.62
  62088.717   120.230    16.38   15.56
  62377.019   123.020     9.68   15.67
  62665.342   123.149     0.45   16.20
  62953.687   122.416    -2.54   15.99
  63242.054   122.521     0.36   15.09
  63530.443   125.195     9.27   15.22
  63818.854   128.811    12.54   14.15
  64107.287   127.480    -4.62   17.99
  64395.741   120.869   -22.92   29.19
  64684.218   109.094   -40.82   39.81
  64972.716    97.481   -40.25   40.93
  65261.236    90.336   -24.76   39.79
  65549.778    83.409   -24.01   36.66
  65838.342    79.385   -13.95   35.57
  66126.928    82.390    10.41   37.55
  66415.536    88.879    22.48   37.59
  66704.166    97.710    30.60   34.44
  66992.818   103.385    19.66   32.56
  67281.492   110.999    26.38   31.77
  67570.187   120.237    32.00   31.27
  67858.905   125.810    19.30   30.73
  68147.644   128.998    11.04   30.30
  68436.406   131.116     7.33   27.59
  68725.189   127.284   -13.27   28.51
  69013.995   114.104   -45.64   39.04
  69302.822    98.269   -54.83   46.20
  69591.672    84.516   -47.62   44.89
  69880.543    72.174   -42.72   37.78
  70169.436    66.257   -20.49   29.46
  70458.352    64.151    -7.29   23.67
  70747.289    67.468    11.48   22.57
  71036.248    75.416    27.51   22.35
  71325.230    87.245    40.94   27.14
  71614.233   100.010    44.17   33.07
  71903.259   110.225    35.35   34.14
  72192.306   116.939    23.23   33.20
  72481.376   121.107    14.42   30.25
  72770.467   119.710    -4.83   30.51
  73059.581   111.867   -27.13   32.85
  73348.717    98.134   -47.50   36.77
  73637.874    82.156   -55.26   35.97
  73927.054    68.746   -46.37   31.54
  74216.256    58.493   -35.46   27.20
  74505.480    50.244   -28.52   22.90
  74794.726    49.558    -2.37   24.57
  75083.994    54.010    15.39   27.27
  75373.284    62.962    30.95   25.33
  75662.596    68.090    17.73   24.16
  75951.930    66.776    -4.54   25.13
  76241.287    63.833   -10.17   25.72
  76530.665    59.010   -16.67   24.16
  76820.066    53.916   -17.60   19.82
  77109.489    53.563    -1.22   20.35
  77398.934    57.374    13.17   24.39
  77688.401    67.549    35.15   30.01
  77977.890    79.939    42.80   29.91
  78267.401    93.351    46.33   28.17
  78556.935   104.798    39.54   25.31
  78846.490   112.403    26.27   20.13
  79136.068   114.674     7.84   18.62
  79425.668   111.614   -10.57   19.51
  79715.290   107.734   -13.40   18.45
  80004.934   102.445   -18.26   19.36
  80294.601    92.216   -35.32   19.50
  80584.289    84.758   -25.75   17.79
  80874.000    80.360   -15.18   16.37
  81163.733    75.915   -15.35   14.67
  81453.488    70.534   -18.57   12.36
  81743.266    66.358   -14.41    6.56
  82030.546    67.009     2.27    9.69
  82315.673    69.537     8.87   11.97
  82600.820    75.730    21.72   19.55
  82885.989    81.939    21.78   23.39
  83171.179    92.462    36.90   28.47
  83456.390   101.870    32.99   31.76
  83741.622   112.218    36.28   36.78
  84026.876   124.730    43.86   42.35
  84312.151   138.474    48.18   47.89
  84597.447   152.288    48.42   47.84
  84882.764   161.602    32.65   49.62
  85168.103   167.652    21.20   52.45
  85453.463   165.031    -9.18   55.47
  85738.845   157.195   -27.46   56.25
  86024.247   146.776   -36.51   51.44
  86309.671   136.404   -36.34   44.71
  86595.117   127.102   -32.59   36.24
  86880.583   120.009   -24.85   28.46
  87166.071   116.732   -11.48   24.33
  87451.580   119.183     8.59   24.26
  87737.111   124.660    19.18   27.38
  88022.663   130.778    21.43   31.11
  88308.236   140.509    34.08   37.52
  88593.831   155.300    51.79   41.32
  88879.446   171.835    57.90   41.92
  89165.084   181.614    34.24   35.68
  89450.742   179.462    -7.53   37.46
  89736.422   167.574   -41.62   49.46
  90022.124   154.939   -44.23   52.70
  90307.847   136.451   -64.71   49.95
  90593.591   119.951   -57.75   38.09
  90879.356   107.776   -42.61   25.15
  91165.143   101.751   -21.09   15.83
  91450.951   103.210     5.10   14.66
  91736.781   106.987    13.21   11.73
  92022.632   110.151    11.07    8.12
  92308.505   112.445     8.03    7.75
  92594.399   114.269     6.38    7.51
  92880.314   115.534     4.43    8.78
  93166.251   115.316    -0.76   10.73
  93452.209   115.433     0.41   11.93
  93738.189   114.798    -2.22   12.62
  94024.190   115.504     2.47   13.04
  94310.212   115.439    -0.23   13.45
  94596.256   115.057    -1.34   12.74
  94882.321   112.951    -7.36   10.83
  95168.408   110.376    -9.00    9.86
  95454.517   108.606    -6.19    9.47
  95740.647   107.663    -3.29    9.22
  96026.798   104.652   -10.53    7.43
  96312.971   101.778   -10.04    7.28
  96599.165    98.732   -10.64    6.84
  96885.381    97.417    -4.60    6.76
  97171.618    96.333    -3.79    6.53
  97457.877    95.007    -4.63    6.41
  97744.157    94.647    -1.26    7.20
  98030.459    93.400    -4.36    7.99
  98316.782    93.153    -0.86    8.85
  98603.127    91.625    -5.34    9.06
  98889.493    89.580    -7.14    9.19
  99175.881    87.342    -7.82    9.18
  99462.290    85.951    -4.86    9.42
  99748.721    84.560    -4.86    9.36
 100035.174    82.962    -5.58    9.29
 100321.648    81.314    -5.75    9.54
 100608.143    79.292    -7.06    9.63
 100894.660    77.342    -6.81    8.92
 101181.199    74.928    -8.43    7.03
 101467.759    73.335    -5.56    5.63
 101754.341    72.504    -2.90    3.87
 102040.945    72.010    -1.72    3.46
 102327.570    71.469    -1.89    3.71
 102614.216    70.939    -1.85    3.93
 102900.885    70.339    -2.09    4.02
 103187.574    69.116    -4.27    3.83
 103474.286    67.727    -4.84    5.00
 103761.019    65.845    -6.57    5.09
 104047.773    63.974    -6.52    5.06
 104334.550    62.586    -4.84    4.79
 104621.348    62.009    -2.01    5.09
 104908.167    58.869   -10.95    8.99
 105195.008    55.172   -12.89   12.91
 105481.871    53.160    -7.01   13.68
 105768.756    52.135    -3.57   14.19
 106055.662    51.905    -0.80   14.40
 106342.590    54.869    10.33   15.52
 106629.539    60.614    20.02   20.39
 106916.510    66.625    20.95   23.47
 107203.503    73.422    23.69   21.96
 107490.518    79.641    21.67   20.50
 107777.554    87.300    26.69   16.29
 108064.612    92.986    19.81   11.80
 108351.691    92.974    -0.04   11.35
 108638.792    90.556    -8.43   12.41
 108925.915    86.916   -12.68   15.40
 109213.060    82.621   -14.96   18.18
 109500.226    77.304   -18.52   18.81
 109787.415    71.553   -20.03   16.53
 110074.624    67.583   -13.82   12.88
 110361.856    66.158    -4.96   10.68
 110649.109    65.904    -0.88    8.95
 110936.384    68.253     8.18    9.82
 111223.681    71.772    12.25   10.55
 111511.000    74.737    10.32   10.30
 111798.340    77.510     9.65   10.52
 112085.702    80.780    11.38   11.65
 112373.086    81.878     3.82   11.22
 112660.491    80.841    -3.61   11.84
 112947.919    79.373    -5.11   11.79
 113235.368    78.118    -4.37   11.38
 113522.839    77.034    -3.77   10.54
 113810.332    76.510    -1.82    8.89
 114097.846    76.510     0.00    7.29
 114385.383    77.915     4.89    7.81
 114672.941    80.095     7.58    8.59
 114960.521    81.662     5.45    9.53
 115248.123    82.780     3.89    9.33
 115535.746    84.109     4.62    9.53
 115823.392    87.385    11.39   12.20
 116111.059    90.463    10.70   12.56
 116398.748    92.880     8.40   12.55
 116686.459    94.102     4.25   12.83
 116974.192    96.021     6.67   12.59
 117261.947    96.365     1.20   12.26
 117549.723    97.838     5.12   10.96
 117837.522    96.800    -3.61   10.45
 118125.342    95.707    -3.80   10.51
 118413.184    95.625    -0.28    9.49
 118701.048    96.181     1.93    8.83
 118988.934    95.649    -1.85    8.81
 119276.842    94.962    -2.38    9.16
 119564.772    93.753    -4.20    9.06
 119852.723    91.549    -7.66    9.97
 120140.697    89.618    -6.71   10.45
 120428.692    87.204    -8.38    9.72
 120716.710    84.735    -8.57    8.26
 121004.749    83.486    -4.34    7.65
 121292.810    83.125    -1.25    7.11
 121580.893    83.398     0.95    6.66
 121868.998    83.127    -0.94    7.00
 122157.125    82.763    -1.27    7.35
 122445.274    82.558    -0.71    7.52
 122733.445    81.833    -2.52    8.17
 123021.638    80.582    -4.34    8.74
 123309.853    78.653    -6.69    8.51
 123598.090    76.344    -8.01    8.26
 123886.349    74.546    -6.24    9.03
 124174.630    72.033    -8.72    8.42
 124462.932    71.504    -1.84    8.22
 124751.257    72.610     3.84    8.80
 125039.604    73.742     3.93    8.79
 125327.973    75.342     5.55    8.82
 125616.364    75.583     0.84    7.84
 125904.776    75.031    -1.91    8.27
 126193.211    73.090    -6.73    9.15
 126481.668    70.416    -9.27    9.32
 126770.147    67.445   -10.30    8.94
 127058.648    64.572    -9.96    7.15
 127347.171    62.686    -6.53    5.13
 127635.716    63.031     1.20    6.56
 127924.283    66.044    10.44    9.51
 128212.872    70.102    14.06   11.48
 128501.483    74.261    14.41   11.61
 128790.116    78.066    13.18    9.77
 129078.772    81.192    10.83    6.90
 129367.449    83.227     7.05    4.78
 129656.149    84.021     2.75    5.94
 129944.870    85.165     3.96    6.50
 130233.614    86.183     3.52    6.91
 130522.380    87.565     4.79    7.18
 130811.168    89.409     6.38    7.01
 131099.978    90.710     4.51    6.07
 131388.810    92.141     4.96    4.75
 131677.664    93.368     4.25    3.66
 131966.540    94.570     4.16    3.55
 132255.439    95.344     2.68    3.88
 132544.359    96.012     2.31    4.28
 132833.302    96.463     1.56    4.54
 133122.267    96.634     0.59    4.42
 133411.254    97.034     1.39    4.51
 133700.263    97.582     1.90    5.22
 133989.295    96.763    -2.83    5.76
 134278.348    94.811    -6.75    7.02
 134567.424    92.468    -8.11    8.29
 134856.522    89.849    -9.06    8.32
 135145.642    86.099   -12.97    9.65
 135434.784    81.823   -14.79   11.61
 135723.948    75.250   -22.73   15.83
 136013.135    67.532   -26.69   21.03
 136302.344    58.218   -32.21   25.95
 136591.575    45.323   -44.59   34.27
 136880.828    30.067   -52.75   39.06
 137170.104    12.905   -59.33   39.37
 137459.402    -2.776   -54.21   34.25
 137748.722   -15.224   -43.03   26.51
 138038.064   -23.933   -30.10   16.64
 138327.428   -28.484   -15.73    6.21
 138616.815   -29.155    -2.32    2.12
 138906.224   -28.930     0.78    1.97
 139195.655   -28.555     1.30    2.10
 139485.109   -28.496     0.20    2.06
 139774.584   -28.525    -0.10    2.03
 140064.082   -28.442     0.29    1.92
 140353.603   -28.426     0.06    2.36
 140643.145   -27.323     3.81    6.26
 140932.710   -23.049    14.76   14.90
 141222.297   -17.256    20.01   21.72
 141511.907   -11.164    21.04   26.45
 141801.539    -3.153    27.66   31.29
 142091.193     4.365    25.96   33.89
 142380.869    12.858    29.32   35.07
 142670.568    21.181    28.73   33.70
 142960.289    27.020    20.16   32.84
 143250.032    32.238    18.01   30.70
 143539.798    38.273    20.83   28.38
 143829.586    43.276    17.27   25.48
 144115.541    46.114     9.92   22.03
 144400.652    49.253    11.01   18.38
 144685.785    53.580    15.18   15.19
 144970.939    57.715    14.50   16.44
 145256.115    63.192    19.21   18.09
 145541.312    69.066    20.60   18.45
 145826.530    76.204    25.03   17.23
 146111.770    82.583    22.37   15.05
 146397.031    87.556    17.43   13.38
 146682.313    92.415    17.04   11.30
 146967.617    95.570    11.06    9.72
 147252.943    97.451     6.59    9.29
 147538.289    98.844     4.88    9.22
 147823.657   100.356     5.30    9.49
 148109.047   100.796     1.54    9.23
 148394.458    99.336    -5.12   10.06
 148679.890    95.756   -12.55   13.07
 148965.344    88.118   -26.76   24.77
 149250.819    75.351   -44.73   35.74
 149536.316    64.716   -37.26   40.28
 149821.834    57.172   -26.42   42.35
 150107.374    53.032   -14.50   44.21
 150392.935    50.230    -9.81   46.75
 150678.518    47.881    -8.23   50.08
 150964.122    44.480   -11.91   53.28
 151249.747    41.480   -10.50   56.07
 151535.394    35.079   -22.41   56.70
 151821.063    24.567   -36.80   55.00
 152106.753    12.904   -40.83   48.96
 152392.464    -0.390   -46.54   35.56
 152678.197    -9.837   -33.07   21.68
 152963.951   -16.426   -23.06    6.63
 153249.727   -18.155    -6.05    2.11
 153535.525   -18.555    -1.40    2.06
 153821.344   -18.779    -0.78    1.90
 154107.185   -19.190    -1.44    1.79
 154393.047   -19.296    -0.37    1.75
 154678.930   -19.351    -0.19    1.83
 154964.835   -19.337     0.05    1.69
 155250.762   -19.302     0.12    1.57
 155536.710   -19.371    -0.24    1.62
 155822.680   -19.302     0.24    1.59
 156108.672   -19.351    -0.17    1.90
 156394.685   -17.394     6.85   10.13
 156680.719   -10.371    24.56   24.38
 156966.775     1.537    41.63   39.05
 157252.853    17.905    57.22   48.63
 157538.952    33.043    52.92   51.03
 157825.073    47.204    49.50   48.16
 158111.216    60.583    46.76   40.93
 158397.380    74.746    49.50   28.70
 158683.566    85.212    36.58   12.31
 158969.773    88.917    12.95    8.49
 159256.002    91.599     9.37    9.38
 159542.252    95.732    14.44   10.09
 159828.525   101.043    18.55    8.91
 160114.818   104.811    13.16    7.15
 160401.134   107.319     8.76    6.70
 160687.471   108.663     4.70    6.67
 160973.830   109.846     4.13    6.68
 161260.210   109.744    -0.36    6.93
 161546.612   108.847    -3.13    7.67
 161833.036   106.778    -7.22    8.77
 162119.482   105.595    -4.13    8.92
 162405.949   106.583     3.45    9.99
 162692.437   108.663     7.26   10.71
 162978.948   106.462    -7.68   13.57
 163265.480   103.121   -11.66   16.23
 163552.034    99.503   -12.63   18.06
 163838.610    99.054    -1.56   18.76
 164125.207   100.660     5.60   20.82
 164411.826   100.985     1.13   21.36
 164698.467   100.280    -2.46   20.69
 164985.129   104.010    13.01   21.29
 165271.813   110.416    22.35   23.28
 165558.519   116.579    21.50   22.81
 165845.247   123.032    22.51   23.07
 166131.996   129.335    21.98   21.61
 166418.767   135.713    22.24   18.25
 166705.560   138.653    10.25   15.29
 166992.375   138.245    -1.42   14.67
 167279.211   137.451    -2.77   14.84
 167566.069   134.891    -8.93   14.58
 167852.949   133.107    -6.22   13.14
 168139.851   132.903    -0.71   12.87
 168426.775   132.865    -0.13   12.86
 168713.720   133.865     3.49   12.57
 169000.687   135.378     5.27   12.77
 169287.676   136.890     5.27   14.68
 169574.687   139.701     9.80   16.30
 169861.719   141.445     6.08   16.14
 170148.774   141.351    -0.33   17.77
 170435.850   138.399   -10.28   24.53
 170722.948   130.951   -25.95   36.30
 171010.068   112.951   -62.70   52.57
 171297.209    92.928   -69.74   57.68
 171584.373    73.928   -66.18   54.03
 171871.558    63.238   -37.23   47.91
 172158.766    60.712    -8.80   44.77
 172445.995    67.018    21.96   47.75
 172733.246    79.726    44.25   51.96
 173020.518    98.692    66.03   49.98
 173307.813   115.985    60.20   42.64
 173595.130   130.355    50.02   28.87
 173882.468   136.962    23.00   15.46
 174169.828   131.133   -20.29   26.20
 174457.211   120.618   -36.59   31.31
 174744.615   116.066   -15.84   31.33
 175032.041   117.530     5.10   34.56
 175319.489   129.360    41.16   52.13
 175606.959   154.378    87.04   75.14
 175894.451   194.778   140.55   89.06
 176181.964   244.974   174.61   95.79
 176469.500   299.614   190.06  105.86
 176757.058   354.356   190.40  105.91
 177044.637   398.951   155.09   94.95
 177332.239   432.577   116.94   77.62
 177619.862   445.228    43.99   71.94
 177907.508   440.469   -16.55   84.17
 178195.175   409.820  -106.56  106.49
 178482.864   359.237  -175.85  117.01
 178770.576   298.260  -211.97  118.75
 179058.309   234.748  -220.77  119.22
 179346.064   175.677  -205.32  112.20
 179633.841   119.951  -193.67   95.79
 179921.641    75.963  -152.87   74.89
 180209.462    45.858  -104.61   54.00
 180497.305    28.265   -61.13   38.21
 180785.171    21.032   -25.13   31.42
 181073.058    22.238     4.19   37.30
 181360.967    28.939    23.28   43.51
 181648.899    38.303    32.53   47.51
 181936.852    52.576    49.57   50.69
 182224.827    68.144    54.07   50.85
 182512.825    85.905    61.68   46.16
 182800.844    98.273    42.95   39.40
 183088.886   106.870    29.85   34.86
 183376.950   113.474    22.93   31.05
 183665.035   116.625    10.94   31.79
 183953.143   115.346    -4.44   30.81
 184241.273   112.716    -9.13   29.26
 184529.425   110.773    -6.75   26.54
 184817.599   110.810     0.13   24.50
 185105.795   109.751    -3.68   21.29
